1e-05	1.99998	0	6.95327e-310
2e-05	1.99996	0	6.95327e-310
3e-05	1.99994	0	6.95327e-310
4.5e-05	1.99991	0	6.95327e-310
6.75e-05	1.99987	0	6.95327e-310
0.00010125	1.9998	0	6.95327e-310
0.000151875	1.9997	0	6.95327e-310
0.000227813	1.99954	0	6.95327e-310
0.000341719	1.99932	0	6.95327e-310
0.000512578	1.99898	0	6.95327e-310
0.000768867	1.99846	0	6.95327e-310
0.00102516	1.99795	0	6.95327e-310
0.00128145	1.99744	0	6.95327e-310
0.00153773	1.99693	0	6.95327e-310
0.00179402	1.99642	0	6.95327e-310
0.00205031	1.9959	0	6.95327e-310
0.0023066	1.99539	0	6.95327e-310
0.00256289	1.99488	0	6.95327e-310
0.00281918	1.99437	0	6.95327e-310
0.00307547	1.99386	0	6.95327e-310
0.00333176	1.99335	0	6.95327e-310
0.00358805	1.99284	0	6.95327e-310
0.00384434	1.99233	0	6.95327e-310
0.00410063	1.99182	0	6.95327e-310
0.00435691	1.99131	0	6.95327e-310
0.0046132	1.99079	0	6.95327e-310
0.00486949	1.99028	0	6.95327e-310
0.00512578	1.98977	0	6.95327e-310
0.00538207	1.98926	0	6.95327e-310
0.00563836	1.98876	0	6.95327e-310
0.00589465	1.98825	0	6.95327e-310
0.00615094	1.98774	0	6.95327e-310
0.00640723	1.98723	0	6.95327e-310
0.00666352	1.98672	0	6.95327e-310
0.0069198	1.98621	0	6.95327e-310
0.00717609	1.9857	0	6.95327e-310
0.00743238	1.98519	0	6.95327e-310
0.00768867	1.98468	0	6.95327e-310
0.00794496	1.98417	0	6.95327e-310
0.00820125	1.98366	0	6.95327e-310
0.00845754	1.98316	0	6.95327e-310
0.00871383	1.98265	0	6.95327e-310
0.00897012	1.98214	0	6.95327e-310
0.00922641	1.98163	0	6.95327e-310
0.0094827	1.98112	0	6.95327e-310
0.00973898	1.98062	0	6.95327e-310
0.00999527	1.98011	0	6.95327e-310
0.0102516	1.9796	0	6.95327e-310
0.0105079	1.97909	0	6.95327e-310
0.0107641	1.97859	0	6.95327e-310
0.0110204	1.97808	0	6.95327e-310
0.0112767	1.97757	0	6.95327e-310
0.011533	1.97707	0	6.95327e-310
0.0117893	1.97656	0	6.95327e-310
0.0120456	1.97605	0	6.95327e-310
0.0123019	1.97555	0	6.95327e-310
0.0125582	1.97504	0	6.95327e-310
0.0128145	1.97453	0	6.95327e-310
0.0130707	1.97403	0	6.95327e-310
0.013327	1.97352	0	6.95327e-310
0.0135833	1.97302	0	6.95327e-310
0.0138396	1.97251	0	6.95327e-310
0.0140959	1.97201	0	6.95327e-310
0.0143522	1.9715	0	6.95327e-310
0.0146085	1.971	0	6.95327e-310
0.0148648	1.97049	0	6.95327e-310
0.0151211	1.96999	0	6.95327e-310
0.0153773	1.96948	0	6.95327e-310
0.0156336	1.96898	0	6.95327e-310
0.0158899	1.96847	0	6.95327e-310
0.0161462	1.96797	0	6.95327e-310
0.0164025	1.96746	0	6.95327e-310
0.0166588	1.96696	0	6.95327e-310
0.0169151	1.96645	0	6.95327e-310
0.0171714	1.96595	0	6.95327e-310
0.0174277	1.96545	0	6.95327e-310
0.0176839	1.96494	0	6.95327e-310
0.0179402	1.96444	0	6.95327e-310
0.0181965	1.96394	0	6.95327e-310
0.0184528	1.96343	0	6.95327e-310
0.0187091	1.96293	0	6.95327e-310
0.0189654	1.96243	0	6.95327e-310
0.0192217	1.96192	0	6.95327e-310
0.019478	1.96142	0	6.95327e-310
0.0197343	1.96092	0	6.95327e-310
0.0199905	1.96042	0	6.95327e-310
0.0202468	1.95991	0	6.95327e-310
0.0205031	1.95941	0	6.95327e-310
0.0207594	1.95891	0	6.95327e-310
0.0210157	1.95841	0	6.95327e-310
0.021272	1.95791	0	6.95327e-310
0.0215283	1.9574	0	6.95327e-310
0.0217846	1.9569	0	6.95327e-310
0.0220409	1.9564	0	6.95327e-310
0.0222971	1.9559	0	6.95327e-310
0.0225534	1.9554	0	6.95327e-310
0.0228097	1.9549	0	6.95327e-310
0.023066	1.9544	0	6.95327e-310
0.0233223	1.9539	0	6.95327e-310
0.0235786	1.95339	0	6.95327e-310
0.0238349	1.95289	0	6.95327e-310
0.0240912	1.95239	0	6.95327e-310
0.0243475	1.95189	0	6.95327e-310
0.0246038	1.95139	0	6.95327e-310
0.02486	1.95089	0	6.95327e-310
0.0252445	1.95014	0	6.95327e-310
0.0256289	1.94939	0	6.95327e-310
0.0260133	1.94864	0	6.95327e-310
0.0263978	1.9479	0	6.95327e-310
0.0267822	1.94715	0	6.95327e-310
0.0271666	1.9464	0	6.95327e-310
0.0275511	1.94565	0	6.95327e-310
0.0279355	1.9449	0	6.95327e-310
0.0283199	1.94415	0	6.95327e-310
0.0287044	1.94341	0	6.95327e-310
0.0290888	1.94266	0	6.95327e-310
0.0294732	1.94191	0	6.95327e-310
0.0298577	1.94117	0	6.95327e-310
0.0302421	1.94042	0	6.95327e-310
0.0306265	1.93968	0	6.95327e-310
0.031011	1.93893	0	6.95327e-310
0.0313954	1.93818	0	6.95327e-310
0.0317798	1.93744	0	6.95327e-310
0.0321643	1.93669	0	6.95327e-310
0.0325487	1.93595	0	6.95327e-310
0.0329331	1.93521	0	6.95327e-310
0.0333176	1.93446	0	6.95327e-310
0.033702	1.93372	0	6.95327e-310
0.0340864	1.93298	0	6.95327e-310
0.0344709	1.93223	0	6.95327e-310
0.0348553	1.93149	0	6.95327e-310
0.0352397	1.93075	0	6.95327e-310
0.0356242	1.93001	0	6.95327e-310
0.0360086	1.92926	0	6.95327e-310
0.036393	1.92852	0	6.95327e-310
0.0367775	1.92778	0	6.95327e-310
0.0371619	1.92704	0	6.95327e-310
0.0375463	1.9263	0	6.95327e-310
0.0379308	1.92556	0	6.95327e-310
0.0383152	1.92482	0	6.95327e-310
0.0386996	1.92408	0	6.95327e-310
0.0390841	1.92334	0	6.95327e-310
0.0394685	1.9226	0	6.95327e-310
0.0398529	1.92186	0	6.95327e-310
0.0402374	1.92112	0	6.95327e-310
0.0406218	1.92038	0	6.95327e-310
0.0410062	1.91965	0	6.95327e-310
0.0413907	1.91891	0	6.95327e-310
0.0417751	1.91817	0	6.95327e-310
0.0421596	1.91743	0	6.95327e-310
0.042544	1.9167	0	6.95327e-310
0.0429284	1.91596	0	6.95327e-310
0.0433129	1.91522	0	6.95327e-310
0.0436973	1.91449	0	6.95327e-310
0.0440817	1.91375	0	6.95327e-310
0.0444662	1.91302	0	6.95327e-310
0.0448506	1.91228	0	6.95327e-310
0.045235	1.91155	0	6.95327e-310
0.0456195	1.91081	0	6.95327e-310
0.0460039	1.91008	0	6.95327e-310
0.0463883	1.90934	0	6.95327e-310
0.0467728	1.90861	0	6.95327e-310
0.0471572	1.90787	0	6.95327e-310
0.0475416	1.90714	0	6.95327e-310
0.0479261	1.90641	0	6.95327e-310
0.0483105	1.90568	0	6.95327e-310
0.0486949	1.90494	0	6.95327e-310
0.0490794	1.90421	0	6.95327e-310
0.0494638	1.90348	0	6.95327e-310
0.0498482	1.90275	0	6.95327e-310
0.0502327	1.90202	0	6.95327e-310
0.0506171	1.90129	0	6.95327e-310
0.0510015	1.90055	0	6.95327e-310
0.051386	1.89982	0	6.95327e-310
0.0517704	1.89909	0	6.95327e-310
0.0521548	1.89836	0	6.95327e-310
0.0525393	1.89763	0	6.95327e-310
0.0529237	1.8969	0	6.95327e-310
0.0533081	1.89618	0	6.95327e-310
0.0536926	1.89545	0	6.95327e-310
0.054077	1.89472	0	6.95327e-310
0.0544614	1.89399	0	6.95327e-310
0.0548459	1.89326	0	6.95327e-310
0.0552303	1.89253	0	6.95327e-310
0.0556147	1.89181	0	6.95327e-310
0.0559992	1.89108	0	6.95327e-310
0.0563836	1.89035	0	6.95327e-310
0.056768	1.88963	0	6.95327e-310
0.0571525	1.8889	0	6.95327e-310
0.0575369	1.88817	0	6.95327e-310
0.0579213	1.88745	0	6.95327e-310
0.0583058	1.88672	0	6.95327e-310
0.0586902	1.886	0	6.95327e-310
0.0590746	1.88527	0	6.95327e-310
0.0594591	1.88455	0	6.95327e-310
0.0598435	1.88382	0	6.95327e-310
0.0602279	1.8831	0	6.95327e-310
0.0606124	1.88238	0	6.95327e-310
0.0609968	1.88165	0	6.95327e-310
0.0613812	1.88093	0	6.95327e-310
0.0617657	1.88021	0	6.95327e-310
0.0621501	1.87948	0	6.95327e-310
0.0625345	1.87876	0	6.95327e-310
0.062919	1.87804	0	6.95327e-310
0.0633034	1.87732	0	6.95327e-310
0.0636878	1.8766	0	6.95327e-310
0.0640723	1.87587	0	6.95327e-310
0.0644567	1.87515	0	6.95327e-310
0.0648411	1.87443	0	6.95327e-310
0.0652256	1.87371	0	6.95327e-310
0.06561	1.87299	0	6.95327e-310
0.0659944	1.87227	0	6.95327e-310
0.0663789	1.87155	0	6.95327e-310
0.0667633	1.87083	0	6.95327e-310
0.0671477	1.87011	0	6.95327e-310
0.0675322	1.8694	0	6.95327e-310
0.0679166	1.86868	0	6.95327e-310
0.068301	1.86796	0	6.95327e-310
0.0686855	1.86724	0	6.95327e-310
0.0690699	1.86652	0	6.95327e-310
0.0694543	1.86581	0	6.95327e-310
0.0698388	1.86509	0	6.95327e-310
0.0702232	1.86437	0	6.95327e-310
0.0706076	1.86365	0	6.95327e-310
0.0709921	1.86294	0	6.95327e-310
0.0713765	1.86222	0	6.95327e-310
0.0717609	1.86151	0	6.95327e-310
0.0721454	1.86079	0	6.95327e-310
0.0725298	1.86008	0	6.95327e-310
0.0729142	1.85936	0	6.95327e-310
0.0732987	1.85865	0	6.95327e-310
0.0736831	1.85793	0	6.95327e-310
0.0740675	1.85722	0	6.95327e-310
0.074452	1.8565	0	6.95327e-310
0.0748364	1.85579	0	6.95327e-310
0.0752208	1.85508	0	6.95327e-310
0.0756053	1.85436	0	6.95327e-310
0.0759897	1.85365	0	6.95327e-310
0.0763741	1.85294	0	6.95327e-310
0.0767586	1.85223	0	6.95327e-310
0.077143	1.85151	0	6.95327e-310
0.0775274	1.8508	0	6.95327e-310
0.0779119	1.85009	0	6.95327e-310
0.0782963	1.84938	0	6.95327e-310
0.0786807	1.84867	0	6.95327e-310
0.0790652	1.84796	0	6.95327e-310
0.0794496	1.84725	0	6.95327e-310
0.079834	1.84654	0	6.95327e-310
0.0802185	1.84583	0	6.95327e-310
0.0806029	1.84512	0	6.95327e-310
0.0809873	1.84441	0	6.95327e-310
0.0813718	1.8437	0	6.95327e-310
0.0817562	1.84299	0	6.95327e-310
0.0821406	1.84228	0	6.95327e-310
0.0825251	1.84158	0	6.95327e-310
0.0829095	1.84087	0	6.95327e-310
0.0832939	1.84016	0	6.95327e-310
0.0836784	1.83945	0	6.95327e-310
0.0840628	1.83875	0	6.95327e-310
0.0844472	1.83804	0	6.95327e-310
0.0848317	1.83733	0	6.95327e-310
0.0852161	1.83663	0	6.95327e-310
0.0856005	1.83592	0	6.95327e-310
0.085985	1.83522	0	6.95327e-310
0.0863694	1.83451	0	6.95327e-310
0.0867538	1.83381	0	6.95327e-310
0.0871383	1.8331	0	6.95327e-310
0.0875227	1.8324	0	6.95327e-310
0.0879071	1.83169	0	6.95327e-310
0.0882916	1.83099	0	6.95327e-310
0.088676	1.83028	0	6.95327e-310
0.0890604	1.82958	0	6.95327e-310
0.0894449	1.82888	0	6.95327e-310
0.0898293	1.82817	0	6.95327e-310
0.0902137	1.82747	0	6.95327e-310
0.0905982	1.82677	0	6.95327e-310
0.0909826	1.82607	0	6.95327e-310
0.0913671	1.82537	0	6.95327e-310
0.0917515	1.82466	0	6.95327e-310
0.0921359	1.82396	0	6.95327e-310
0.0925204	1.82326	0	6.95327e-310
0.0929048	1.82256	0	6.95327e-310
0.0932892	1.82186	0	6.95327e-310
0.0936737	1.82116	0	6.95327e-310
0.0940581	1.82046	0	6.95327e-310
0.0944425	1.81976	0	6.95327e-310
0.094827	1.81906	0	6.95327e-310
0.0952114	1.81836	0	6.95327e-310
0.0955958	1.81766	0	6.95327e-310
0.0959803	1.81696	0	6.95327e-310
0.0963647	1.81627	0	6.95327e-310
0.0967491	1.81557	0	6.95327e-310
0.0971336	1.81487	0	6.95327e-310
0.097518	1.81417	0	6.95327e-310
0.0979024	1.81347	0	6.95327e-310
0.0982869	1.81278	0	6.95327e-310
0.0986713	1.81208	0	6.95327e-310
0.0990557	1.81138	0	6.95327e-310
0.0994402	1.81069	0	6.95327e-310
0.0998246	1.80999	0	6.95327e-310
0.100209	1.8093	0	6.95327e-310
0.100593	1.8086	0	6.95327e-310
0.100978	1.80791	0	6.95327e-310
0.101362	1.80721	0	6.95327e-310
0.101747	1.80652	0	6.95327e-310
0.102131	1.80582	0	6.95327e-310
0.102516	1.80513	0	6.95327e-310
0.1029	1.80443	0	6.95327e-310
0.103284	1.80374	0	6.95327e-310
0.103669	1.80305	0	6.95327e-310
0.104053	1.80235	0	6.95327e-310
0.104438	1.80166	0	6.95327e-310
0.104822	1.80097	0	6.95327e-310
0.105207	1.80028	0	6.95327e-310
0.105591	1.79959	0	6.95327e-310
0.105976	1.79889	0	6.95327e-310
0.10636	1.7982	0	6.95327e-310
0.106744	1.79751	0	6.95327e-310
0.107129	1.79682	0	6.95327e-310
0.107513	1.79613	0	6.95327e-310
0.107898	1.79544	0	6.95327e-310
0.108282	1.79475	0	6.95327e-310
0.108667	1.79406	0	6.95327e-310
0.109051	1.79337	0	6.95327e-310
0.109435	1.79268	0	6.95327e-310
0.10982	1.79199	0	6.95327e-310
0.110204	1.7913	0	6.95327e-310
0.110589	1.79061	0	6.95327e-310
0.110973	1.78993	0	6.95327e-310
0.111358	1.78924	0	6.95327e-310
0.111742	1.78855	0	6.95327e-310
0.112126	1.78786	0	6.95327e-310
0.112511	1.78718	0	6.95327e-310
0.112895	1.78649	0	6.95327e-310
0.11328	1.7858	0	6.95327e-310
0.113664	1.78512	0	6.95327e-310
0.114049	1.78443	0	6.95327e-310
0.114433	1.78374	0	6.95327e-310
0.114817	1.78306	0	6.95327e-310
0.115202	1.78237	0	6.95327e-310
0.115586	1.78169	0	6.95327e-310
0.115971	1.781	0	6.95327e-310
0.116355	1.78032	0	6.95327e-310
0.11674	1.77963	0	6.95327e-310
0.117124	1.77895	0	6.95327e-310
0.117509	1.77827	0	6.95327e-310
0.117893	1.77758	0	6.95327e-310
0.118277	1.7769	0	6.95327e-310
0.118662	1.77622	0	6.95327e-310
0.119046	1.77553	0	6.95327e-310
0.119431	1.77485	0	6.95327e-310
0.119815	1.77417	0	6.95327e-310
0.1202	1.77349	0	6.95327e-310
0.120584	1.77281	0	6.95327e-310
0.120968	1.77212	0	6.95327e-310
0.121353	1.77144	0	6.95327e-310
0.121737	1.77076	0	6.95327e-310
0.122122	1.77008	0	6.95327e-310
0.122506	1.7694	0	6.95327e-310
0.122891	1.76872	0	6.95327e-310
0.123275	1.76804	0	6.95327e-310
0.123659	1.76736	0	6.95327e-310
0.124044	1.76668	0	6.95327e-310
0.124428	1.766	0	6.95327e-310
0.124813	1.76532	0	6.95327e-310
0.125197	1.76465	0	6.95327e-310
0.125582	1.76397	0	6.95327e-310
0.125966	1.76329	0	6.95327e-310
0.126351	1.76261	0	6.95327e-310
0.126735	1.76193	0	6.95327e-310
0.127119	1.76126	0	6.95327e-310
0.127504	1.76058	0	6.95327e-310
0.127888	1.7599	0	6.95327e-310
0.128273	1.75923	0	6.95327e-310
0.128657	1.75855	0	6.95327e-310
0.129042	1.75787	0	6.95327e-310
0.129426	1.7572	0	6.95327e-310
0.12981	1.75652	0	6.95327e-310
0.130195	1.75585	0	6.95327e-310
0.130579	1.75517	0	6.95327e-310
0.130964	1.7545	0	6.95327e-310
0.131348	1.75382	0	6.95327e-310
0.131733	1.75315	0	6.95327e-310
0.132117	1.75248	0	6.95327e-310
0.132501	1.7518	0	6.95327e-310
0.132886	1.75113	0	6.95327e-310
0.13327	1.75046	0	6.95327e-310
0.133655	1.74978	0	6.95327e-310
0.134039	1.74911	0	6.95327e-310
0.134424	1.74844	0	6.95327e-310
0.134808	1.74777	0	6.95327e-310
0.135192	1.7471	0	6.95327e-310
0.135577	1.74642	0	6.95327e-310
0.135961	1.74575	0	6.95327e-310
0.136346	1.74508	0	6.95327e-310
0.13673	1.74441	0	6.95327e-310
0.137115	1.74374	0	6.95327e-310
0.137499	1.74307	0	6.95327e-310
0.137884	1.7424	0	6.95327e-310
0.138268	1.74173	0	6.95327e-310
0.138652	1.74106	0	6.95327e-310
0.139037	1.74039	0	6.95327e-310
0.139421	1.73972	0	6.95327e-310
0.139806	1.73905	0	6.95327e-310
0.14019	1.73839	0	6.95327e-310
0.140575	1.73772	0	6.95327e-310
0.140959	1.73705	0	6.95327e-310
0.141343	1.73638	0	6.95327e-310
0.141728	1.73571	0	6.95327e-310
0.142112	1.73505	0	6.95327e-310
0.142497	1.73438	0	6.95327e-310
0.142881	1.73371	0	6.95327e-310
0.143266	1.73305	0	6.95327e-310
0.14365	1.73238	0	6.95327e-310
0.144034	1.73172	0	6.95327e-310
0.144419	1.73105	0	6.95327e-310
0.144803	1.73038	0	6.95327e-310
0.145188	1.72972	0	6.95327e-310
0.145572	1.72905	0	6.95327e-310
0.145957	1.72839	0	6.95327e-310
0.146341	1.72773	0	6.95327e-310
0.146725	1.72706	0	6.95327e-310
0.14711	1.7264	0	6.95327e-310
0.147494	1.72573	0	6.95327e-310
0.147879	1.72507	0	6.95327e-310
0.148263	1.72441	0	6.95327e-310
0.148648	1.72375	0	6.95327e-310
0.149032	1.72308	0	6.95327e-310
0.149417	1.72242	0	6.95327e-310
0.149801	1.72176	0	6.95327e-310
0.150185	1.7211	0	6.95327e-310
0.15057	1.72044	0	6.95327e-310
0.150954	1.71977	0	6.95327e-310
0.151339	1.71911	0	6.95327e-310
0.151723	1.71845	0	6.95327e-310
0.152108	1.71779	0	6.95327e-310
0.152492	1.71713	0	6.95327e-310
0.152876	1.71647	0	6.95327e-310
0.153261	1.71581	0	6.95327e-310
0.153645	1.71515	0	6.95327e-310
0.15403	1.71449	0	6.95327e-310
0.154414	1.71383	0	6.95327e-310
0.154799	1.71318	0	6.95327e-310
0.155183	1.71252	0	6.95327e-310
0.155567	1.71186	0	6.95327e-310
0.155952	1.7112	0	6.95327e-310
0.156336	1.71054	0	6.95327e-310
0.156721	1.70989	0	6.95327e-310
0.157105	1.70923	0	6.95327e-310
0.15749	1.70857	0	6.95327e-310
0.157874	1.70791	0	6.95327e-310
0.158258	1.70726	0	6.95327e-310
0.158643	1.7066	0	6.95327e-310
0.159027	1.70595	0	6.95327e-310
0.159412	1.70529	0	6.95327e-310
0.159796	1.70463	0	6.95327e-310
0.160181	1.70398	0	6.95327e-310
0.160565	1.70332	0	6.95327e-310
0.16095	1.70267	0	6.95327e-310
0.161334	1.70202	0	6.95327e-310
0.161718	1.70136	0	6.95327e-310
0.162103	1.70071	0	6.95327e-310
0.162487	1.70005	0	6.95327e-310
0.162872	1.6994	0	6.95327e-310
0.163256	1.69875	0	6.95327e-310
0.163641	1.69809	0	6.95327e-310
0.164025	1.69744	0	6.95327e-310
0.164409	1.69679	0	6.95327e-310
0.164794	1.69614	0	6.95327e-310
0.165178	1.69549	0	6.95327e-310
0.165563	1.69483	0	6.95327e-310
0.165947	1.69418	0	6.95327e-310
0.166332	1.69353	0	6.95327e-310
0.166716	1.69288	0	6.95327e-310
0.1671	1.69223	0	6.95327e-310
0.167485	1.69158	0	6.95327e-310
0.167869	1.69093	0	6.95327e-310
0.168254	1.69028	0	6.95327e-310
0.168638	1.68963	0	6.95327e-310
0.169023	1.68898	0	6.95327e-310
0.169407	1.68833	0	6.95327e-310
0.169792	1.68768	0	6.95327e-310
0.170176	1.68703	0	6.95327e-310
0.17056	1.68638	0	6.95327e-310
0.170945	1.68574	0	6.95327e-310
0.171329	1.68509	0	6.95327e-310
0.171714	1.68444	0	6.95327e-310
0.172098	1.68379	0	6.95327e-310
0.172483	1.68315	0	6.95327e-310
0.172867	1.6825	0	6.95327e-310
0.173251	1.68185	0	6.95327e-310
0.173636	1.68121	0	6.95327e-310
0.17402	1.68056	0	6.95327e-310
0.174405	1.67991	0	6.95327e-310
0.174789	1.67927	0	6.95327e-310
0.175174	1.67862	0	6.95327e-310
0.175558	1.67798	0	6.95327e-310
0.175942	1.67733	0	6.95327e-310
0.176327	1.67669	0	6.95327e-310
0.176711	1.67604	0	6.95327e-310
0.177096	1.6754	0	6.95327e-310
0.17748	1.67476	0	6.95327e-310
0.177865	1.67411	0	6.95327e-310
0.178249	1.67347	0	6.95327e-310
0.178633	1.67282	0	6.95327e-310
0.179018	1.67218	0	6.95327e-310
0.179402	1.67154	0	6.95327e-310
0.179787	1.6709	0	6.95327e-310
0.180171	1.67025	0	6.95327e-310
0.180556	1.66961	0	6.95327e-310
0.18094	1.66897	0	6.95327e-310
0.181325	1.66833	0	6.95327e-310
0.181709	1.66769	0	6.95327e-310
0.182093	1.66705	0	6.95327e-310
0.182478	1.66641	0	6.95327e-310
0.182862	1.66577	0	6.95327e-310
0.183247	1.66513	0	6.95327e-310
0.183631	1.66449	0	6.95327e-310
0.184016	1.66385	0	6.95327e-310
0.1844	1.66321	0	6.95327e-310
0.184784	1.66257	0	6.95327e-310
0.185169	1.66193	0	6.95327e-310
0.185553	1.66129	0	6.95327e-310
0.185938	1.66065	0	6.95327e-310
0.186322	1.66001	0	6.95327e-310
0.186707	1.65937	0	6.95327e-310
0.187091	1.65874	0	6.95327e-310
0.187475	1.6581	0	6.95327e-310
0.18786	1.65746	0	6.95327e-310
0.188244	1.65682	0	6.95327e-310
0.188629	1.65619	0	6.95327e-310
0.189013	1.65555	0	6.95327e-310
0.189398	1.65491	0	6.95327e-310
0.189782	1.65428	0	6.95327e-310
0.190166	1.65364	0	6.95327e-310
0.190551	1.65301	0	6.95327e-310
0.190935	1.65237	0	6.95327e-310
0.19132	1.65174	0	6.95327e-310
0.191704	1.6511	0	6.95327e-310
0.192089	1.65047	0	6.95327e-310
0.192473	1.64983	0	6.95327e-310
0.192858	1.6492	0	6.95327e-310
0.193242	1.64857	0	6.95327e-310
0.193626	1.64793	0	6.95327e-310
0.194011	1.6473	0	6.95327e-310
0.194395	1.64666	0	6.95327e-310
0.19478	1.64603	0	6.95327e-310
0.195164	1.6454	0	6.95327e-310
0.195549	1.64477	0	6.95327e-310
0.195933	1.64413	0	6.95327e-310
0.196317	1.6435	0	6.95327e-310
0.196702	1.64287	0	6.95327e-310
0.197086	1.64224	0	6.95327e-310
0.197471	1.64161	0	6.95327e-310
0.197855	1.64098	0	6.95327e-310
0.19824	1.64035	0	6.95327e-310
0.198624	1.63972	0	6.95327e-310
0.199008	1.63909	0	6.95327e-310
0.199393	1.63846	0	6.95327e-310
0.199777	1.63783	0	6.95327e-310
0.200162	1.6372	0	6.95327e-310
0.200546	1.63657	0	6.95327e-310
0.200931	1.63594	0	6.95327e-310
0.201315	1.63531	0	6.95327e-310
0.201699	1.63468	0	6.95327e-310
0.202084	1.63405	0	6.95327e-310
0.202468	1.63342	0	6.95327e-310
0.202853	1.6328	0	6.95327e-310
0.203237	1.63217	0	6.95327e-310
0.203622	1.63154	0	6.95327e-310
0.204006	1.63091	0	6.95327e-310
0.204391	1.63029	0	6.95327e-310
0.204775	1.62966	0	6.95327e-310
0.205159	1.62903	0	6.95327e-310
0.205544	1.62841	0	6.95327e-310
0.205928	1.62778	0	6.95327e-310
0.206313	1.62716	0	6.95327e-310
0.206697	1.62653	0	6.95327e-310
0.207082	1.62591	0	6.95327e-310
0.207466	1.62528	0	6.95327e-310
0.20785	1.62466	0	6.95327e-310
0.208235	1.62403	0	6.95327e-310
0.208619	1.62341	0	6.95327e-310
0.209004	1.62278	0	6.95327e-310
0.209388	1.62216	0	6.95327e-310
0.209773	1.62154	0	6.95327e-310
0.210157	1.62091	0	6.95327e-310
0.210541	1.62029	0	6.95327e-310
0.210926	1.61967	0	6.95327e-310
0.21131	1.61905	0	6.95327e-310
0.211695	1.61842	0	6.95327e-310
0.212079	1.6178	0	6.95327e-310
0.212464	1.61718	0	6.95327e-310
0.212848	1.61656	0	6.95327e-310
0.213233	1.61594	0	6.95327e-310
0.213617	1.61532	0	6.95327e-310
0.214001	1.61469	0	6.95327e-310
0.214386	1.61407	0	6.95327e-310
0.21477	1.61345	0	6.95327e-310
0.215155	1.61283	0	6.95327e-310
0.215539	1.61221	0	6.95327e-310
0.215924	1.61159	0	6.95327e-310
0.216308	1.61097	0	6.95327e-310
0.216692	1.61036	0	6.95327e-310
0.217077	1.60974	0	6.95327e-310
0.217461	1.60912	0	6.95327e-310
0.217846	1.6085	0	6.95327e-310
0.21823	1.60788	0	6.95327e-310
0.218615	1.60726	0	6.95327e-310
0.218999	1.60665	0	6.95327e-310
0.219383	1.60603	0	6.95327e-310
0.219768	1.60541	0	6.95327e-310
0.220152	1.60479	0	6.95327e-310
0.220537	1.60418	0	6.95327e-310
0.220921	1.60356	0	6.95327e-310
0.221306	1.60294	0	6.95327e-310
0.22169	1.60233	0	6.95327e-310
0.222074	1.60171	0	6.95327e-310
0.222459	1.6011	0	6.95327e-310
0.222843	1.60048	0	6.95327e-310
0.223228	1.59987	0	6.95327e-310
0.223612	1.59925	0	6.95327e-310
0.223997	1.59864	0	6.95327e-310
0.224381	1.59802	0	6.95327e-310
0.224766	1.59741	0	6.95327e-310
0.22515	1.59679	0	6.95327e-310
0.225534	1.59618	0	6.95327e-310
0.225919	1.59557	0	6.95327e-310
0.226303	1.59495	0	6.95327e-310
0.226688	1.59434	0	6.95327e-310
0.227072	1.59373	0	6.95327e-310
0.227457	1.59311	0	6.95327e-310
0.227841	1.5925	0	6.95327e-310
0.228225	1.59189	0	6.95327e-310
0.22861	1.59128	0	6.95327e-310
0.228994	1.59067	0	6.95327e-310
0.229379	1.59005	0	6.95327e-310
0.229763	1.58944	0	6.95327e-310
0.230148	1.58883	0	6.95327e-310
0.230532	1.58822	0	6.95327e-310
0.230916	1.58761	0	6.95327e-310
0.231301	1.587	0	6.95327e-310
0.231685	1.58639	0	6.95327e-310
0.23207	1.58578	0	6.95327e-310
0.232454	1.58517	0	6.95327e-310
0.232839	1.58456	0	6.95327e-310
0.233223	1.58395	0	6.95327e-310
0.233607	1.58335	0	6.95327e-310
0.233992	1.58274	0	6.95327e-310
0.234376	1.58213	0	6.95327e-310
0.234761	1.58152	0	6.95327e-310
0.235145	1.58091	0	6.95327e-310
0.23553	1.5803	0	6.95327e-310
0.235914	1.5797	0	6.95327e-310
0.236299	1.57909	0	6.95327e-310
0.236683	1.57848	0	6.95327e-310
0.237067	1.57788	0	6.95327e-310
0.237452	1.57727	0	6.95327e-310
0.237836	1.57666	0	6.95327e-310
0.238221	1.57606	0	6.95327e-310
0.238605	1.57545	0	6.95327e-310
0.23899	1.57485	0	6.95327e-310
0.239374	1.57424	0	6.95327e-310
0.239758	1.57364	0	6.95327e-310
0.240143	1.57303	0	6.95327e-310
0.240527	1.57243	0	6.95327e-310
0.240912	1.57182	0	6.95327e-310
0.241296	1.57122	0	6.95327e-310
0.241681	1.57061	0	6.95327e-310
0.242065	1.57001	0	6.95327e-310
0.242449	1.56941	0	6.95327e-310
0.242834	1.5688	0	6.95327e-310
0.243218	1.5682	0	6.95327e-310
0.243603	1.5676	0	6.95327e-310
0.243987	1.567	0	6.95327e-310
0.244372	1.56639	0	6.95327e-310
0.244756	1.56579	0	6.95327e-310
0.24514	1.56519	0	6.95327e-310
0.245525	1.56459	0	6.95327e-310
0.245909	1.56399	0	6.95327e-310
0.246294	1.56339	0	6.95327e-310
0.246678	1.56278	0	6.95327e-310
0.247063	1.56218	0	6.95327e-310
0.247447	1.56158	0	6.95327e-310
0.247832	1.56098	0	6.95327e-310
0.248216	1.56038	0	6.95327e-310
0.2486	1.55978	0	6.95327e-310
0.248985	1.55918	0	6.95327e-310
0.249369	1.55858	0	6.95327e-310
0.249754	1.55799	0	6.95327e-310
0.250138	1.55739	0	6.95327e-310
0.250523	1.55679	0	6.95327e-310
0.250907	1.55619	0	6.95327e-310
0.251291	1.55559	0	6.95327e-310
0.251676	1.55499	0	6.95327e-310
0.25206	1.5544	0	6.95327e-310
0.252445	1.5538	0	6.95327e-310
0.252829	1.5532	0	6.95327e-310
0.253214	1.5526	0	6.95327e-310
0.253598	1.55201	0	6.95327e-310
0.253982	1.55141	0	6.95327e-310
0.254367	1.55081	0	6.95327e-310
0.254751	1.55022	0	6.95327e-310
0.255136	1.54962	0	6.95327e-310
0.25552	1.54903	0	6.95327e-310
0.255905	1.54843	0	6.95327e-310
0.256289	1.54784	0	6.95327e-310
0.256673	1.54724	0	6.95327e-310
0.257058	1.54665	0	6.95327e-310
0.257442	1.54605	0	6.95327e-310
0.257827	1.54546	0	6.95327e-310
0.258211	1.54486	0	6.95327e-310
0.258596	1.54427	0	6.95327e-310
0.25898	1.54368	0	6.95327e-310
0.259365	1.54308	0	6.95327e-310
0.259749	1.54249	0	6.95327e-310
0.260133	1.5419	0	6.95327e-310
0.260518	1.5413	0	6.95327e-310
0.260902	1.54071	0	6.95327e-310
0.261287	1.54012	0	6.95327e-310
0.261671	1.53953	0	6.95327e-310
0.262056	1.53894	0	6.95327e-310
0.26244	1.53835	0	6.95327e-310
0.262824	1.53775	0	6.95327e-310
0.263209	1.53716	0	6.95327e-310
0.263593	1.53657	0	6.95327e-310
0.263978	1.53598	0	6.95327e-310
0.264362	1.53539	0	6.95327e-310
0.264747	1.5348	0	6.95327e-310
0.265131	1.53421	0	6.95327e-310
0.265515	1.53362	0	6.95327e-310
0.2659	1.53303	0	6.95327e-310
0.266284	1.53244	0	6.95327e-310
0.266669	1.53185	0	6.95327e-310
0.267053	1.53126	0	6.95327e-310
0.267438	1.53068	0	6.95327e-310
0.267822	1.53009	0	6.95327e-310
0.268207	1.5295	0	6.95327e-310
0.268591	1.52891	0	6.95327e-310
0.268975	1.52832	0	6.95327e-310
0.26936	1.52774	0	6.95327e-310
0.269744	1.52715	0	6.95327e-310
0.270129	1.52656	0	6.95327e-310
0.270513	1.52598	0	6.95327e-310
0.270898	1.52539	0	6.95327e-310
0.271282	1.5248	0	6.95327e-310
0.271666	1.52422	0	6.95327e-310
0.272051	1.52363	0	6.95327e-310
0.272435	1.52305	0	6.95327e-310
0.27282	1.52246	0	6.95327e-310
0.273204	1.52187	0	6.95327e-310
0.273589	1.52129	0	6.95327e-310
0.273973	1.52071	0	6.95327e-310
0.274357	1.52012	0	6.95327e-310
0.274742	1.51954	0	6.95327e-310
0.275126	1.51895	0	6.95327e-310
0.275511	1.51837	0	6.95327e-310
0.275895	1.51778	0	6.95327e-310
0.27628	1.5172	0	6.95327e-310
0.276664	1.51662	0	6.95327e-310
0.277048	1.51604	0	6.95327e-310
0.277433	1.51545	0	6.95327e-310
0.277817	1.51487	0	6.95327e-310
0.278202	1.51429	0	6.95327e-310
0.278586	1.51371	0	6.95327e-310
0.278971	1.51312	0	6.95327e-310
0.279355	1.51254	0	6.95327e-310
0.27974	1.51196	0	6.95327e-310
0.280124	1.51138	0	6.95327e-310
0.280508	1.5108	0	6.95327e-310
0.280893	1.51022	0	6.95327e-310
0.281277	1.50964	0	6.95327e-310
0.281662	1.50906	0	6.95327e-310
0.282046	1.50848	0	6.95327e-310
0.282431	1.5079	0	6.95327e-310
0.282815	1.50732	0	6.95327e-310
0.283199	1.50674	0	6.95327e-310
0.283584	1.50616	0	6.95327e-310
0.283968	1.50558	0	6.95327e-310
0.284353	1.505	0	6.95327e-310
0.284737	1.50442	0	6.95327e-310
0.285122	1.50385	0	6.95327e-310
0.285506	1.50327	0	6.95327e-310
0.28589	1.50269	0	6.95327e-310
0.286275	1.50211	0	6.95327e-310
0.286659	1.50153	0	6.95327e-310
0.287044	1.50096	0	6.95327e-310
0.287428	1.50038	0	6.95327e-310
0.287813	1.4998	0	6.95327e-310
0.288197	1.49923	0	6.95327e-310
0.288581	1.49865	0	6.95327e-310
0.288966	1.49808	0	6.95327e-310
0.28935	1.4975	0	6.95327e-310
0.289735	1.49692	0	6.95327e-310
0.290119	1.49635	0	6.95327e-310
0.290504	1.49577	0	6.95327e-310
0.290888	1.4952	0	6.95327e-310
0.291273	1.49462	0	6.95327e-310
0.291657	1.49405	0	6.95327e-310
0.292041	1.49348	0	6.95327e-310
0.292426	1.4929	0	6.95327e-310
0.29281	1.49233	0	6.95327e-310
0.293195	1.49175	0	6.95327e-310
0.293579	1.49118	0	6.95327e-310
0.293964	1.49061	0	6.95327e-310
0.294348	1.49003	0	6.95327e-310
0.294732	1.48946	0	6.95327e-310
0.295117	1.48889	0	6.95327e-310
0.295501	1.48832	0	6.95327e-310
0.295886	1.48774	0	6.95327e-310
0.29627	1.48717	0	6.95327e-310
0.296655	1.4866	0	6.95327e-310
0.297039	1.48603	0	6.95327e-310
0.297423	1.48546	0	6.95327e-310
0.297808	1.48489	0	6.95327e-310
0.298192	1.48432	0	6.95327e-310
0.298577	1.48375	0	6.95327e-310
0.298961	1.48318	0	6.95327e-310
0.299346	1.48261	0	6.95327e-310
0.29973	1.48204	0	6.95327e-310
0.300114	1.48147	0	6.95327e-310
0.300499	1.4809	0	6.95327e-310
0.300883	1.48033	0	6.95327e-310
0.301268	1.47976	0	6.95327e-310
0.301652	1.47919	0	6.95327e-310
0.302037	1.47862	0	6.95327e-310
0.302421	1.47805	0	6.95327e-310
0.302806	1.47749	0	6.95327e-310
0.30319	1.47692	0	6.95327e-310
0.303574	1.47635	0	6.95327e-310
0.303959	1.47578	0	6.95327e-310
0.304343	1.47522	0	6.95327e-310
0.304728	1.47465	0	6.95327e-310
0.305112	1.47408	0	6.95327e-310
0.305497	1.47351	0	6.95327e-310
0.305881	1.47295	0	6.95327e-310
0.306265	1.47238	0	6.95327e-310
0.30665	1.47182	0	6.95327e-310
0.307034	1.47125	0	6.95327e-310
0.307419	1.47069	0	6.95327e-310
0.307803	1.47012	0	6.95327e-310
0.308188	1.46955	0	6.95327e-310
0.308572	1.46899	0	6.95327e-310
0.308956	1.46843	0	6.95327e-310
0.309341	1.46786	0	6.95327e-310
0.309725	1.4673	0	6.95327e-310
0.31011	1.46673	0	6.95327e-310
0.310494	1.46617	0	6.95327e-310
0.310879	1.46561	0	6.95327e-310
0.311263	1.46504	0	6.95327e-310
0.311648	1.46448	0	6.95327e-310
0.312032	1.46392	0	6.95327e-310
0.312416	1.46335	0	6.95327e-310
0.312801	1.46279	0	6.95327e-310
0.313185	1.46223	0	6.95327e-310
0.31357	1.46167	0	6.95327e-310
0.313954	1.46111	0	6.95327e-310
0.314339	1.46054	0	6.95327e-310
0.314723	1.45998	0	6.95327e-310
0.315107	1.45942	0	6.95327e-310
0.315492	1.45886	0	6.95327e-310
0.315876	1.4583	0	6.95327e-310
0.316261	1.45774	0	6.95327e-310
0.316645	1.45718	0	6.95327e-310
0.31703	1.45662	0	6.95327e-310
0.317414	1.45606	0	6.95327e-310
0.317798	1.4555	0	6.95327e-310
0.318183	1.45494	0	6.95327e-310
0.318567	1.45438	0	6.95327e-310
0.318952	1.45382	0	6.95327e-310
0.319336	1.45326	0	6.95327e-310
0.319721	1.4527	0	6.95327e-310
0.320105	1.45215	0	6.95327e-310
0.320489	1.45159	0	6.95327e-310
0.320874	1.45103	0	6.95327e-310
0.321258	1.45047	0	6.95327e-310
0.321643	1.44991	0	6.95327e-310
0.322027	1.44936	0	6.95327e-310
0.322412	1.4488	0	6.95327e-310
0.322796	1.44824	0	6.95327e-310
0.323181	1.44769	0	6.95327e-310
0.323565	1.44713	0	6.95327e-310
0.323949	1.44657	0	6.95327e-310
0.324334	1.44602	0	6.95327e-310
0.324718	1.44546	0	6.95327e-310
0.325103	1.44491	0	6.95327e-310
0.325487	1.44435	0	6.95327e-310
0.325872	1.4438	0	6.95327e-310
0.326256	1.44324	0	6.95327e-310
0.32664	1.44269	0	6.95327e-310
0.327025	1.44213	0	6.95327e-310
0.327409	1.44158	0	6.95327e-310
0.327794	1.44102	0	6.95327e-310
0.328178	1.44047	0	6.95327e-310
0.328563	1.43992	0	6.95327e-310
0.328947	1.43936	0	6.95327e-310
0.329331	1.43881	0	6.95327e-310
0.329716	1.43826	0	6.95327e-310
0.3301	1.4377	0	6.95327e-310
0.330485	1.43715	0	6.95327e-310
0.330869	1.4366	0	6.95327e-310
0.331254	1.43605	0	6.95327e-310
0.331638	1.43549	0	6.95327e-310
0.332022	1.43494	0	6.95327e-310
0.332407	1.43439	0	6.95327e-310
0.332791	1.43384	0	6.95327e-310
0.333176	1.43329	0	6.95327e-310
0.33356	1.43274	0	6.95327e-310
0.333945	1.43219	0	6.95327e-310
0.334329	1.43164	0	6.95327e-310
0.334714	1.43109	0	6.95327e-310
0.335098	1.43054	0	6.95327e-310
0.335482	1.42999	0	6.95327e-310
0.335867	1.42944	0	6.95327e-310
0.336251	1.42889	0	6.95327e-310
0.336636	1.42834	0	6.95327e-310
0.33702	1.42779	0	6.95327e-310
0.337405	1.42724	0	6.95327e-310
0.337789	1.42669	0	6.95327e-310
0.338173	1.42614	0	6.95327e-310
0.338558	1.4256	0	6.95327e-310
0.338942	1.42505	0	6.95327e-310
0.339327	1.4245	0	6.95327e-310
0.339711	1.42395	0	6.95327e-310
0.340096	1.4234	0	6.95327e-310
0.34048	1.42286	0	6.95327e-310
0.340864	1.42231	0	6.95327e-310
0.341249	1.42176	0	6.95327e-310
0.341633	1.42122	0	6.95327e-310
0.342018	1.42067	0	6.95327e-310
0.342402	1.42013	0	6.95327e-310
0.342787	1.41958	0	6.95327e-310
0.343171	1.41903	0	6.95327e-310
0.343555	1.41849	0	6.95327e-310
0.34394	1.41794	0	6.95327e-310
0.344324	1.4174	0	6.95327e-310
0.344709	1.41685	0	6.95327e-310
0.345093	1.41631	0	6.95327e-310
0.345478	1.41576	0	6.95327e-310
0.345862	1.41522	0	6.95327e-310
0.346247	1.41468	0	6.95327e-310
0.346631	1.41413	0	6.95327e-310
0.347015	1.41359	0	6.95327e-310
0.3474	1.41305	0	6.95327e-310
0.347784	1.4125	0	6.95327e-310
0.348169	1.41196	0	6.95327e-310
0.348553	1.41142	0	6.95327e-310
0.348938	1.41087	0	6.95327e-310
0.349322	1.41033	0	6.95327e-310
0.349706	1.40979	0	6.95327e-310
0.350091	1.40925	0	6.95327e-310
0.350475	1.40871	0	6.95327e-310
0.35086	1.40817	0	6.95327e-310
0.351244	1.40762	0	6.95327e-310
0.351629	1.40708	0	6.95327e-310
0.352013	1.40654	0	6.95327e-310
0.352397	1.406	0	6.95327e-310
0.352782	1.40546	0	6.95327e-310
0.353166	1.40492	0	6.95327e-310
0.353551	1.40438	0	6.95327e-310
0.353935	1.40384	0	6.95327e-310
0.35432	1.4033	0	6.95327e-310
0.354704	1.40276	0	6.95327e-310
0.355088	1.40222	0	6.95327e-310
0.355473	1.40168	0	6.95327e-310
0.355857	1.40115	0	6.95327e-310
0.356242	1.40061	0	6.95327e-310
0.356626	1.40007	0	6.95327e-310
0.357011	1.39953	0	6.95327e-310
0.357395	1.39899	0	6.95327e-310
0.35778	1.39845	0	6.95327e-310
0.358164	1.39792	0	6.95327e-310
0.358548	1.39738	0	6.95327e-310
0.358933	1.39684	0	6.95327e-310
0.359317	1.39631	0	6.95327e-310
0.359702	1.39577	0	6.95327e-310
0.360086	1.39523	0	6.95327e-310
0.360471	1.3947	0	6.95327e-310
0.360855	1.39416	0	6.95327e-310
0.361239	1.39362	0	6.95327e-310
0.361624	1.39309	0	6.95327e-310
0.362008	1.39255	0	6.95327e-310
0.362393	1.39202	0	6.95327e-310
0.362777	1.39148	0	6.95327e-310
0.363162	1.39095	0	6.95327e-310
0.363546	1.39041	0	6.95327e-310
0.36393	1.38988	0	6.95327e-310
0.364315	1.38934	0	6.95327e-310
0.364699	1.38881	0	6.95327e-310
0.365084	1.38828	0	6.95327e-310
0.365468	1.38774	0	6.95327e-310
0.365853	1.38721	0	6.95327e-310
0.366237	1.38668	0	6.95327e-310
0.366622	1.38614	0	6.95327e-310
0.367006	1.38561	0	6.95327e-310
0.36739	1.38508	0	6.95327e-310
0.367775	1.38455	0	6.95327e-310
0.368159	1.38401	0	6.95327e-310
0.368544	1.38348	0	6.95327e-310
0.368928	1.38295	0	6.95327e-310
0.369313	1.38242	0	6.95327e-310
0.369697	1.38189	0	6.95327e-310
0.370081	1.38136	0	6.95327e-310
0.370466	1.38083	0	6.95327e-310
0.37085	1.38029	0	6.95327e-310
0.371235	1.37976	0	6.95327e-310
0.371619	1.37923	0	6.95327e-310
0.372004	1.3787	0	6.95327e-310
0.372388	1.37817	0	6.95327e-310
0.372772	1.37764	0	6.95327e-310
0.373157	1.37711	0	6.95327e-310
0.373541	1.37659	0	6.95327e-310
0.373926	1.37606	0	6.95327e-310
0.37431	1.37553	0	6.95327e-310
0.374695	1.375	0	6.95327e-310
0.375079	1.37447	0	6.95327e-310
0.375463	1.37394	0	6.95327e-310
0.375848	1.37341	0	6.95327e-310
0.376232	1.37289	0	6.95327e-310
0.376617	1.37236	0	6.95327e-310
0.377001	1.37183	0	6.95327e-310
0.377386	1.3713	0	6.95327e-310
0.37777	1.37078	0	6.95327e-310
0.378155	1.37025	0	6.95327e-310
0.378539	1.36972	0	6.95327e-310
0.378923	1.3692	0	6.95327e-310
0.379308	1.36867	0	6.95327e-310
0.379692	1.36814	0	6.95327e-310
0.380077	1.36762	0	6.95327e-310
0.380461	1.36709	0	6.95327e-310
0.380846	1.36657	0	6.95327e-310
0.38123	1.36604	0	6.95327e-310
0.381614	1.36552	0	6.95327e-310
0.381999	1.36499	0	6.95327e-310
0.382383	1.36447	0	6.95327e-310
0.382768	1.36394	0	6.95327e-310
0.383152	1.36342	0	6.95327e-310
0.383537	1.36289	0	6.95327e-310
0.383921	1.36237	0	6.95327e-310
0.384305	1.36185	0	6.95327e-310
0.38469	1.36132	0	6.95327e-310
0.385074	1.3608	0	6.95327e-310
0.385459	1.36028	0	6.95327e-310
0.385843	1.35975	0	6.95327e-310
0.386228	1.35923	0	6.95327e-310
0.386612	1.35871	0	6.95327e-310
0.386996	1.35819	0	6.95327e-310
0.387381	1.35766	0	6.95327e-310
0.387765	1.35714	0	6.95327e-310
0.38815	1.35662	0	6.95327e-310
0.388534	1.3561	0	6.95327e-310
0.388919	1.35558	0	6.95327e-310
0.389303	1.35506	0	6.95327e-310
0.389688	1.35454	0	6.95327e-310
0.390072	1.35402	0	6.95327e-310
0.390456	1.3535	0	6.95327e-310
0.390841	1.35298	0	6.95327e-310
0.391225	1.35246	0	6.95327e-310
0.39161	1.35194	0	6.95327e-310
0.391994	1.35142	0	6.95327e-310
0.392379	1.3509	0	6.95327e-310
0.392763	1.35038	0	6.95327e-310
0.393147	1.34986	0	6.95327e-310
0.393532	1.34934	0	6.95327e-310
0.393916	1.34882	0	6.95327e-310
0.394301	1.3483	0	6.95327e-310
0.394685	1.34778	0	6.95327e-310
0.39507	1.34727	0	6.95327e-310
0.395454	1.34675	0	6.95327e-310
0.395838	1.34623	0	6.95327e-310
0.396223	1.34571	0	6.95327e-310
0.396607	1.3452	0	6.95327e-310
0.396992	1.34468	0	6.95327e-310
0.397376	1.34416	0	6.95327e-310
0.397761	1.34365	0	6.95327e-310
0.398145	1.34313	0	6.95327e-310
0.398529	1.34261	0	6.95327e-310
0.398914	1.3421	0	6.95327e-310
0.399298	1.34158	0	6.95327e-310
0.399683	1.34107	0	6.95327e-310
0.400067	1.34055	0	6.95327e-310
0.400452	1.34003	0	6.95327e-310
0.400836	1.33952	0	6.95327e-310
0.401221	1.339	0	6.95327e-310
0.401605	1.33849	0	6.95327e-310
0.401989	1.33798	0	6.95327e-310
0.402374	1.33746	0	6.95327e-310
0.402758	1.33695	0	6.95327e-310
0.403143	1.33643	0	6.95327e-310
0.403527	1.33592	0	6.95327e-310
0.403912	1.33541	0	6.95327e-310
0.404296	1.33489	0	6.95327e-310
0.40468	1.33438	0	6.95327e-310
0.405065	1.33387	0	6.95327e-310
0.405449	1.33335	0	6.95327e-310
0.405834	1.33284	0	6.95327e-310
0.406218	1.33233	0	6.95327e-310
0.406603	1.33182	0	6.95327e-310
0.406987	1.33131	0	6.95327e-310
0.407371	1.33079	0	6.95327e-310
0.407756	1.33028	0	6.95327e-310
0.40814	1.32977	0	6.95327e-310
0.408525	1.32926	0	6.95327e-310
0.408909	1.32875	0	6.95327e-310
0.409294	1.32824	0	6.95327e-310
0.409678	1.32773	0	6.95327e-310
0.410063	1.32722	0	6.95327e-310
0.410447	1.32671	0	6.95327e-310
0.410831	1.3262	0	6.95327e-310
0.411216	1.32569	0	6.95327e-310
0.4116	1.32518	0	6.95327e-310
0.411985	1.32467	0	6.95327e-310
0.412369	1.32416	0	6.95327e-310
0.412754	1.32365	0	6.95327e-310
0.413138	1.32314	0	6.95327e-310
0.413522	1.32263	0	6.95327e-310
0.413907	1.32213	0	6.95327e-310
0.414291	1.32162	0	6.95327e-310
0.414676	1.32111	0	6.95327e-310
0.41506	1.3206	0	6.95327e-310
0.415445	1.32009	0	6.95327e-310
0.415829	1.31959	0	6.95327e-310
0.416213	1.31908	0	6.95327e-310
0.416598	1.31857	0	6.95327e-310
0.416982	1.31807	0	6.95327e-310
0.417367	1.31756	0	6.95327e-310
0.417751	1.31705	0	6.95327e-310
0.418136	1.31655	0	6.95327e-310
0.41852	1.31604	0	6.95327e-310
0.418904	1.31553	0	6.95327e-310
0.419289	1.31503	0	6.95327e-310
0.419673	1.31452	0	6.95327e-310
0.420058	1.31402	0	6.95327e-310
0.420442	1.31351	0	6.95327e-310
0.420827	1.31301	0	6.95327e-310
0.421211	1.3125	0	6.95327e-310
0.421596	1.312	0	6.95327e-310
0.42198	1.31149	0	6.95327e-310
0.422364	1.31099	0	6.95327e-310
0.422749	1.31049	0	6.95327e-310
0.423133	1.30998	0	6.95327e-310
0.423518	1.30948	0	6.95327e-310
0.423902	1.30898	0	6.95327e-310
0.424287	1.30847	0	6.95327e-310
0.424671	1.30797	0	6.95327e-310
0.425055	1.30747	0	6.95327e-310
0.42544	1.30696	0	6.95327e-310
0.425824	1.30646	0	6.95327e-310
0.426209	1.30596	0	6.95327e-310
0.426593	1.30546	0	6.95327e-310
0.426978	1.30496	0	6.95327e-310
0.427362	1.30445	0	6.95327e-310
0.427746	1.30395	0	6.95327e-310
0.428131	1.30345	0	6.95327e-310
0.428515	1.30295	0	6.95327e-310
0.4289	1.30245	0	6.95327e-310
0.429284	1.30195	0	6.95327e-310
0.429669	1.30145	0	6.95327e-310
0.430053	1.30095	0	6.95327e-310
0.430437	1.30045	0	6.95327e-310
0.431014	1.2997	0	6.95327e-310
0.431591	1.29895	0	6.95327e-310
0.432167	1.2982	0	6.95327e-310
0.432744	1.29745	0	6.95327e-310
0.433321	1.29671	0	6.95327e-310
0.433897	1.29596	0	6.95327e-310
0.434474	1.29521	0	6.95327e-310
0.435051	1.29446	0	6.95327e-310
0.435627	1.29372	0	6.95327e-310
0.436204	1.29297	0	6.95327e-310
0.436781	1.29223	0	6.95327e-310
0.437357	1.29148	0	6.95327e-310
0.437934	1.29074	0	6.95327e-310
0.438511	1.28999	0	6.95327e-310
0.439087	1.28925	0	6.95327e-310
0.439664	1.28851	0	6.95327e-310
0.440241	1.28776	0	6.95327e-310
0.440817	1.28702	0	6.95327e-310
0.441394	1.28628	0	6.95327e-310
0.44197	1.28554	0	6.95327e-310
0.442547	1.2848	0	6.95327e-310
0.443124	1.28406	0	6.95327e-310
0.4437	1.28332	0	6.95327e-310
0.444277	1.28258	0	6.95327e-310
0.444854	1.28184	0	6.95327e-310
0.44543	1.2811	0	6.95327e-310
0.446007	1.28036	0	6.95327e-310
0.446584	1.27962	0	6.95327e-310
0.44716	1.27888	0	6.95327e-310
0.447737	1.27815	0	6.95327e-310
0.448314	1.27741	0	6.95327e-310
0.44889	1.27667	0	6.95327e-310
0.449467	1.27594	0	6.95327e-310
0.450044	1.2752	0	6.95327e-310
0.45062	1.27447	0	6.95327e-310
0.451197	1.27373	0	6.95327e-310
0.451774	1.273	0	6.95327e-310
0.45235	1.27226	0	6.95327e-310
0.452927	1.27153	0	6.95327e-310
0.453503	1.2708	0	6.95327e-310
0.45408	1.27006	0	6.95327e-310
0.454657	1.26933	0	6.95327e-310
0.455233	1.2686	0	6.95327e-310
0.45581	1.26787	0	6.95327e-310
0.456387	1.26714	0	6.95327e-310
0.456963	1.26641	0	6.95327e-310
0.45754	1.26568	0	6.95327e-310
0.458117	1.26495	0	6.95327e-310
0.458693	1.26422	0	6.95327e-310
0.45927	1.26349	0	6.95327e-310
0.459847	1.26276	0	6.95327e-310
0.460423	1.26203	0	6.95327e-310
0.461	1.26131	0	6.95327e-310
0.461577	1.26058	0	6.95327e-310
0.462153	1.25985	0	6.95327e-310
0.46273	1.25913	0	6.95327e-310
0.463307	1.2584	0	6.95327e-310
0.463883	1.25767	0	6.95327e-310
0.46446	1.25695	0	6.95327e-310
0.465037	1.25622	0	6.95327e-310
0.465613	1.2555	0	6.95327e-310
0.46619	1.25478	0	6.95327e-310
0.466766	1.25405	0	6.95327e-310
0.467343	1.25333	0	6.95327e-310
0.46792	1.25261	0	6.95327e-310
0.468496	1.25189	0	6.95327e-310
0.469073	1.25116	0	6.95327e-310
0.46965	1.25044	0	6.95327e-310
0.470226	1.24972	0	6.95327e-310
0.470803	1.249	0	6.95327e-310
0.47138	1.24828	0	6.95327e-310
0.471956	1.24756	0	6.95327e-310
0.472533	1.24684	0	6.95327e-310
0.47311	1.24612	0	6.95327e-310
0.473686	1.24541	0	6.95327e-310
0.474263	1.24469	0	6.95327e-310
0.47484	1.24397	0	6.95327e-310
0.475416	1.24325	0	6.95327e-310
0.475993	1.24254	0	6.95327e-310
0.47657	1.24182	0	6.95327e-310
0.477146	1.2411	0	6.95327e-310
0.477723	1.24039	0	6.95327e-310
0.478299	1.23967	0	6.95327e-310
0.478876	1.23896	0	6.95327e-310
0.479453	1.23824	0	6.95327e-310
0.480029	1.23753	0	6.95327e-310
0.480606	1.23682	0	6.95327e-310
0.481183	1.2361	0	6.95327e-310
0.481759	1.23539	0	6.95327e-310
0.482336	1.23468	0	6.95327e-310
0.482913	1.23397	0	6.95327e-310
0.483489	1.23326	0	6.95327e-310
0.484066	1.23255	0	6.95327e-310
0.484643	1.23183	0	6.95327e-310
0.485219	1.23112	0	6.95327e-310
0.485796	1.23041	0	6.95327e-310
0.486373	1.22971	0	6.95327e-310
0.486949	1.229	0	6.95327e-310
0.487526	1.22829	0	6.95327e-310
0.488103	1.22758	0	6.95327e-310
0.488679	1.22687	0	6.95327e-310
0.489256	1.22617	0	6.95327e-310
0.489832	1.22546	0	6.95327e-310
0.490409	1.22475	0	6.95327e-310
0.490986	1.22405	0	6.95327e-310
0.491562	1.22334	0	6.95327e-310
0.492139	1.22263	0	6.95327e-310
0.492716	1.22193	0	6.95327e-310
0.493292	1.22123	0	6.95327e-310
0.493869	1.22052	0	6.95327e-310
0.494446	1.21982	0	6.95327e-310
0.495022	1.21911	0	6.95327e-310
0.495599	1.21841	0	6.95327e-310
0.496176	1.21771	0	6.95327e-310
0.496752	1.21701	0	6.95327e-310
0.497329	1.21631	0	6.95327e-310
0.497906	1.2156	0	6.95327e-310
0.498482	1.2149	0	6.95327e-310
0.499059	1.2142	0	6.95327e-310
0.499636	1.2135	0	6.95327e-310
0.500212	1.2128	0	6.95327e-310
0.500789	1.2121	0	6.95327e-310
0.501365	1.21141	0	6.95327e-310
0.501942	1.21071	0	6.95327e-310
0.502519	1.21001	0	6.95327e-310
0.503095	1.20931	0	6.95327e-310
0.503672	1.20862	0	6.95327e-310
0.504249	1.20792	0	6.95327e-310
0.504825	1.20722	0	6.95327e-310
0.505402	1.20653	0	6.95327e-310
0.505979	1.20583	0	6.95327e-310
0.506555	1.20514	0	6.95327e-310
0.507132	1.20444	0	6.95327e-310
0.507709	1.20375	0	6.95327e-310
0.508285	1.20305	0	6.95327e-310
0.508862	1.20236	0	6.95327e-310
0.509439	1.20167	0	6.95327e-310
0.510015	1.20097	0	6.95327e-310
0.510592	1.20028	0	6.95327e-310
0.511169	1.19959	0	6.95327e-310
0.511745	1.1989	0	6.95327e-310
0.512322	1.19821	0	6.95327e-310
0.512898	1.19752	0	6.95327e-310
0.513475	1.19682	0	6.95327e-310
0.514052	1.19613	0	6.95327e-310
0.514628	1.19545	0	6.95327e-310
0.515205	1.19476	0	6.95327e-310
0.515782	1.19407	0	6.95327e-310
0.516358	1.19338	0	6.95327e-310
0.516935	1.19269	0	6.95327e-310
0.517512	1.192	0	6.95327e-310
0.518088	1.19132	0	6.95327e-310
0.518665	1.19063	0	6.95327e-310
0.519242	1.18994	0	6.95327e-310
0.519818	1.18926	0	6.95327e-310
0.520395	1.18857	0	6.95327e-310
0.520972	1.18789	0	6.95327e-310
0.521548	1.1872	0	6.95327e-310
0.522125	1.18652	0	6.95327e-310
0.522702	1.18583	0	6.95327e-310
0.523278	1.18515	0	6.95327e-310
0.523855	1.18447	0	6.95327e-310
0.524431	1.18378	0	6.95327e-310
0.525008	1.1831	0	6.95327e-310
0.525585	1.18242	0	6.95327e-310
0.526161	1.18174	0	6.95327e-310
0.526738	1.18106	0	6.95327e-310
0.527315	1.18038	0	6.95327e-310
0.527891	1.17969	0	6.95327e-310
0.528468	1.17901	0	6.95327e-310
0.529045	1.17834	0	6.95327e-310
0.529621	1.17766	0	6.95327e-310
0.530198	1.17698	0	6.95327e-310
0.530775	1.1763	0	6.95327e-310
0.531351	1.17562	0	6.95327e-310
0.531928	1.17494	0	6.95327e-310
0.532505	1.17427	0	6.95327e-310
0.533081	1.17359	0	6.95327e-310
0.533658	1.17291	0	6.95327e-310
0.534235	1.17224	0	6.95327e-310
0.534811	1.17156	0	6.95327e-310
0.535388	1.17088	0	6.95327e-310
0.535965	1.17021	0	6.95327e-310
0.536541	1.16953	0	6.95327e-310
0.537118	1.16886	0	6.95327e-310
0.537694	1.16819	0	6.95327e-310
0.538271	1.16751	0	6.95327e-310
0.538848	1.16684	0	6.95327e-310
0.539424	1.16617	0	6.95327e-310
0.540001	1.1655	0	6.95327e-310
0.540578	1.16482	0	6.95327e-310
0.541154	1.16415	0	6.95327e-310
0.541731	1.16348	0	6.95327e-310
0.542308	1.16281	0	6.95327e-310
0.542884	1.16214	0	6.95327e-310
0.543461	1.16147	0	6.95327e-310
0.544038	1.1608	0	6.95327e-310
0.544614	1.16013	0	6.95327e-310
0.545191	1.15946	0	6.95327e-310
0.545768	1.15879	0	6.95327e-310
0.546344	1.15813	0	6.95327e-310
0.546921	1.15746	0	6.95327e-310
0.547498	1.15679	0	6.95327e-310
0.548074	1.15612	0	6.95327e-310
0.548651	1.15546	0	6.95327e-310
0.549227	1.15479	0	6.95327e-310
0.549804	1.15413	0	6.95327e-310
0.550381	1.15346	0	6.95327e-310
0.550957	1.1528	0	6.95327e-310
0.551534	1.15213	0	6.95327e-310
0.552111	1.15147	0	6.95327e-310
0.552687	1.1508	0	6.95327e-310
0.553264	1.15014	0	6.95327e-310
0.553841	1.14948	0	6.95327e-310
0.554417	1.14881	0	6.95327e-310
0.554994	1.14815	0	6.95327e-310
0.555571	1.14749	0	6.95327e-310
0.556147	1.14683	0	6.95327e-310
0.556724	1.14617	0	6.95327e-310
0.557301	1.14551	0	6.95327e-310
0.557877	1.14485	0	6.95327e-310
0.558454	1.14419	0	6.95327e-310
0.559031	1.14353	0	6.95327e-310
0.559607	1.14287	0	6.95327e-310
0.560184	1.14221	0	6.95327e-310
0.56076	1.14155	0	6.95327e-310
0.561337	1.14089	0	6.95327e-310
0.561914	1.14023	0	6.95327e-310
0.56249	1.13958	0	6.95327e-310
0.563067	1.13892	0	6.95327e-310
0.563644	1.13826	0	6.95327e-310
0.56422	1.13761	0	6.95327e-310
0.564797	1.13695	0	6.95327e-310
0.565374	1.1363	0	6.95327e-310
0.56595	1.13564	0	6.95327e-310
0.566527	1.13499	0	6.95327e-310
0.567104	1.13433	0	6.95327e-310
0.56768	1.13368	0	6.95327e-310
0.568257	1.13302	0	6.95327e-310
0.568834	1.13237	0	6.95327e-310
0.56941	1.13172	0	6.95327e-310
0.569987	1.13107	0	6.95327e-310
0.570564	1.13041	0	6.95327e-310
0.57114	1.12976	0	6.95327e-310
0.571717	1.12911	0	6.95327e-310
0.572293	1.12846	0	6.95327e-310
0.57287	1.12781	0	6.95327e-310
0.573447	1.12716	0	6.95327e-310
0.574023	1.12651	0	6.95327e-310
0.5746	1.12586	0	6.95327e-310
0.575177	1.12521	0	6.95327e-310
0.575753	1.12456	0	6.95327e-310
0.57633	1.12391	0	6.95327e-310
0.576907	1.12327	0	6.95327e-310
0.577483	1.12262	0	6.95327e-310
0.57806	1.12197	0	6.95327e-310
0.578637	1.12132	0	6.95327e-310
0.579213	1.12068	0	6.95327e-310
0.57979	1.12003	0	6.95327e-310
0.580367	1.11939	0	6.95327e-310
0.580943	1.11874	0	6.95327e-310
0.58152	1.1181	0	6.95327e-310
0.582097	1.11745	0	6.95327e-310
0.582673	1.11681	0	6.95327e-310
0.58325	1.11616	0	6.95327e-310
0.583826	1.11552	0	6.95327e-310
0.584403	1.11488	0	6.95327e-310
0.58498	1.11423	0	6.95327e-310
0.585556	1.11359	0	6.95327e-310
0.586133	1.11295	0	6.95327e-310
0.58671	1.11231	0	6.95327e-310
0.587286	1.11167	0	6.95327e-310
0.587863	1.11103	0	6.95327e-310
0.58844	1.11039	0	6.95327e-310
0.589016	1.10975	0	6.95327e-310
0.589593	1.10911	0	6.95327e-310
0.59017	1.10847	0	6.95327e-310
0.590746	1.10783	0	6.95327e-310
0.591323	1.10719	0	6.95327e-310
0.5919	1.10655	0	6.95327e-310
0.592476	1.10591	0	6.95327e-310
0.593053	1.10528	0	6.95327e-310
0.59363	1.10464	0	6.95327e-310
0.594206	1.104	0	6.95327e-310
0.594783	1.10336	0	6.95327e-310
0.595359	1.10273	0	6.95327e-310
0.595936	1.10209	0	6.95327e-310
0.596513	1.10146	0	6.95327e-310
0.597089	1.10082	0	6.95327e-310
0.597666	1.10019	0	6.95327e-310
0.598243	1.09955	0	6.95327e-310
0.598819	1.09892	0	6.95327e-310
0.599396	1.09829	0	6.95327e-310
0.599973	1.09765	0	6.95327e-310
0.600549	1.09702	0	6.95327e-310
0.601126	1.09639	0	6.95327e-310
0.601703	1.09576	0	6.95327e-310
0.602279	1.09512	0	6.95327e-310
0.602856	1.09449	0	6.95327e-310
0.603433	1.09386	0	6.95327e-310
0.604009	1.09323	0	6.95327e-310
0.604586	1.0926	0	6.95327e-310
0.605163	1.09197	0	6.95327e-310
0.605739	1.09134	0	6.95327e-310
0.606316	1.09071	0	6.95327e-310
0.606893	1.09008	0	6.95327e-310
0.607469	1.08946	0	6.95327e-310
0.608046	1.08883	0	6.95327e-310
0.608622	1.0882	0	6.95327e-310
0.609199	1.08757	0	6.95327e-310
0.609776	1.08695	0	6.95327e-310
0.610352	1.08632	0	6.95327e-310
0.610929	1.08569	0	6.95327e-310
0.611506	1.08507	0	6.95327e-310
0.612082	1.08444	0	6.95327e-310
0.612659	1.08382	0	6.95327e-310
0.613236	1.08319	0	6.95327e-310
0.613812	1.08257	0	6.95327e-310
0.614389	1.08194	0	6.95327e-310
0.614966	1.08132	0	6.95327e-310
0.615542	1.0807	0	6.95327e-310
0.616119	1.08007	0	6.95327e-310
0.616696	1.07945	0	6.95327e-310
0.617272	1.07883	0	6.95327e-310
0.617849	1.07821	0	6.95327e-310
0.618426	1.07758	0	6.95327e-310
0.619002	1.07696	0	6.95327e-310
0.619579	1.07634	0	6.95327e-310
0.620155	1.07572	0	6.95327e-310
0.620732	1.0751	0	6.95327e-310
0.621309	1.07448	0	6.95327e-310
0.621885	1.07386	0	6.95327e-310
0.622462	1.07324	0	6.95327e-310
0.623039	1.07262	0	6.95327e-310
0.623615	1.07201	0	6.95327e-310
0.624192	1.07139	0	6.95327e-310
0.624769	1.07077	0	6.95327e-310
0.625345	1.07015	0	6.95327e-310
0.625922	1.06954	0	6.95327e-310
0.626499	1.06892	0	6.95327e-310
0.627075	1.0683	0	6.95327e-310
0.627652	1.06769	0	6.95327e-310
0.628229	1.06707	0	6.95327e-310
0.628805	1.06646	0	6.95327e-310
0.629382	1.06584	0	6.95327e-310
0.629959	1.06523	0	6.95327e-310
0.630535	1.06461	0	6.95327e-310
0.631112	1.064	0	6.95327e-310
0.631688	1.06339	0	6.95327e-310
0.632265	1.06277	0	6.95327e-310
0.632842	1.06216	0	6.95327e-310
0.633418	1.06155	0	6.95327e-310
0.633995	1.06094	0	6.95327e-310
0.634572	1.06033	0	6.95327e-310
0.635148	1.05971	0	6.95327e-310
0.635725	1.0591	0	6.95327e-310
0.636302	1.05849	0	6.95327e-310
0.636878	1.05788	0	6.95327e-310
0.637455	1.05727	0	6.95327e-310
0.638032	1.05666	0	6.95327e-310
0.638608	1.05605	0	6.95327e-310
0.639185	1.05544	0	6.95327e-310
0.639762	1.05484	0	6.95327e-310
0.640338	1.05423	0	6.95327e-310
0.640915	1.05362	0	6.95327e-310
0.641492	1.05301	0	6.95327e-310
0.642068	1.05241	0	6.95327e-310
0.642645	1.0518	0	6.95327e-310
0.643221	1.05119	0	6.95327e-310
0.643798	1.05059	0	6.95327e-310
0.644375	1.04998	0	6.95327e-310
0.644951	1.04938	0	6.95327e-310
0.645528	1.04877	0	6.95327e-310
0.646105	1.04817	0	6.95327e-310
0.646681	1.04756	0	6.95327e-310
0.647258	1.04696	0	6.95327e-310
0.647835	1.04635	0	6.95327e-310
0.648411	1.04575	0	6.95327e-310
0.648988	1.04515	0	6.95327e-310
0.649565	1.04455	0	6.95327e-310
0.650141	1.04394	0	6.95327e-310
0.650718	1.04334	0	6.95327e-310
0.651295	1.04274	0	6.95327e-310
0.651871	1.04214	0	6.95327e-310
0.652448	1.04154	0	6.95327e-310
0.653025	1.04094	0	6.95327e-310
0.653601	1.04034	0	6.95327e-310
0.654178	1.03974	0	6.95327e-310
0.654754	1.03914	0	6.95327e-310
0.655331	1.03854	0	6.95327e-310
0.655908	1.03794	0	6.95327e-310
0.656484	1.03734	0	6.95327e-310
0.657061	1.03675	0	6.95327e-310
0.657638	1.03615	0	6.95327e-310
0.658214	1.03555	0	6.95327e-310
0.658791	1.03495	0	6.95327e-310
0.659368	1.03436	0	6.95327e-310
0.659944	1.03376	0	6.95327e-310
0.660521	1.03316	0	6.95327e-310
0.661098	1.03257	0	6.95327e-310
0.661674	1.03197	0	6.95327e-310
0.662251	1.03138	0	6.95327e-310
0.662828	1.03078	0	6.95327e-310
0.663404	1.03019	0	6.95327e-310
0.663981	1.0296	0	6.95327e-310
0.664558	1.029	0	6.95327e-310
0.665134	1.02841	0	6.95327e-310
0.665711	1.02782	0	6.95327e-310
0.666287	1.02722	0	6.95327e-310
0.666864	1.02663	0	6.95327e-310
0.667441	1.02604	0	6.95327e-310
0.668017	1.02545	0	6.95327e-310
0.668594	1.02486	0	6.95327e-310
0.669171	1.02427	0	6.95327e-310
0.669747	1.02368	0	6.95327e-310
0.670324	1.02309	0	6.95327e-310
0.670901	1.0225	0	6.95327e-310
0.671477	1.02191	0	6.95327e-310
0.672054	1.02132	0	6.95327e-310
0.672631	1.02073	0	6.95327e-310
0.673207	1.02014	0	6.95327e-310
0.673784	1.01955	0	6.95327e-310
0.674361	1.01896	0	6.95327e-310
0.674937	1.01838	0	6.95327e-310
0.675514	1.01779	0	6.95327e-310
0.676091	1.0172	0	6.95327e-310
0.676667	1.01662	0	6.95327e-310
0.677244	1.01603	0	6.95327e-310
0.67782	1.01544	0	6.95327e-310
0.678397	1.01486	0	6.95327e-310
0.678974	1.01427	0	6.95327e-310
0.67955	1.01369	0	6.95327e-310
0.680127	1.01311	0	6.95327e-310
0.680704	1.01252	0	6.95327e-310
0.68128	1.01194	0	6.95327e-310
0.681857	1.01135	0	6.95327e-310
0.682434	1.01077	0	6.95327e-310
0.68301	1.01019	0	6.95327e-310
0.683587	1.00961	0	6.95327e-310
0.684164	1.00902	0	6.95327e-310
0.68474	1.00844	0	6.95327e-310
0.685317	1.00786	0	6.95327e-310
0.685894	1.00728	0	6.95327e-310
0.68647	1.0067	0	6.95327e-310
0.687047	1.00612	0	6.95327e-310
0.687624	1.00554	0	6.95327e-310
0.6882	1.00496	0	6.95327e-310
0.688777	1.00438	0	6.95327e-310
0.689354	1.0038	0	6.95327e-310
0.68993	1.00322	0	6.95327e-310
0.690507	1.00264	0	6.95327e-310
0.691083	1.00207	0	6.95327e-310
0.69166	1.00149	0	6.95327e-310
0.692237	1.00091	0	6.95327e-310
0.692813	1.00033	0	6.95327e-310
0.69339	0.999757	0	6.95327e-310
0.693967	0.999181	0	6.95327e-310
0.694543	0.998605	0	6.95327e-310
0.69512	0.998029	0	6.95327e-310
0.695697	0.997454	0	6.95327e-310
0.696273	0.996879	0	6.95327e-310
0.69685	0.996304	0	6.95327e-310
0.697427	0.99573	0	6.95327e-310
0.698003	0.995156	0	6.95327e-310
0.69858	0.994582	0	6.95327e-310
0.699157	0.994009	0	6.95327e-310
0.699733	0.993436	0	6.95327e-310
0.70031	0.992863	0	6.95327e-310
0.700887	0.992291	0	6.95327e-310
0.701463	0.991719	0	6.95327e-310
0.70204	0.991147	0	6.95327e-310
0.702616	0.990576	0	6.95327e-310
0.703193	0.990004	0	6.95327e-310
0.70377	0.989434	0	6.95327e-310
0.704346	0.988863	0	6.95327e-310
0.704923	0.988293	0	6.95327e-310
0.7055	0.987724	0	6.95327e-310
0.706076	0.987154	0	6.95327e-310
0.706653	0.986585	0	6.95327e-310
0.70723	0.986016	0	6.95327e-310
0.707806	0.985448	0	6.95327e-310
0.708383	0.98488	0	6.95327e-310
0.70896	0.984312	0	6.95327e-310
0.709536	0.983745	0	6.95327e-310
0.710113	0.983177	0	6.95327e-310
0.71069	0.982611	0	6.95327e-310
0.711266	0.982044	0	6.95327e-310
0.711843	0.981478	0	6.95327e-310
0.71242	0.980912	0	6.95327e-310
0.712996	0.980347	0	6.95327e-310
0.713573	0.979782	0	6.95327e-310
0.714149	0.979217	0	6.95327e-310
0.714726	0.978652	0	6.95327e-310
0.715303	0.978088	0	6.95327e-310
0.715879	0.977524	0	6.95327e-310
0.716456	0.976961	0	6.95327e-310
0.717033	0.976398	0	6.95327e-310
0.717609	0.975835	0	6.95327e-310
0.718186	0.975272	0	6.95327e-310
0.718763	0.97471	0	6.95327e-310
0.719339	0.974148	0	6.95327e-310
0.719916	0.973586	0	6.95327e-310
0.720493	0.973025	0	6.95327e-310
0.721069	0.972464	0	6.95327e-310
0.721646	0.971904	0	6.95327e-310
0.722223	0.971343	0	6.95327e-310
0.722799	0.970783	0	6.95327e-310
0.723376	0.970224	0	6.95327e-310
0.723953	0.969664	0	6.95327e-310
0.724529	0.969105	0	6.95327e-310
0.725106	0.968547	0	6.95327e-310
0.725682	0.967988	0	6.95327e-310
0.726259	0.96743	0	6.95327e-310
0.726836	0.966873	0	6.95327e-310
0.727412	0.966315	0	6.95327e-310
0.727989	0.965758	0	6.95327e-310
0.728566	0.965201	0	6.95327e-310
0.729142	0.964645	0	6.95327e-310
0.729719	0.964089	0	6.95327e-310
0.730296	0.963533	0	6.95327e-310
0.730872	0.962978	0	6.95327e-310
0.731449	0.962423	0	6.95327e-310
0.732026	0.961868	0	6.95327e-310
0.732602	0.961313	0	6.95327e-310
0.733179	0.960759	0	6.95327e-310
0.733756	0.960205	0	6.95327e-310
0.734332	0.959652	0	6.95327e-310
0.734909	0.959098	0	6.95327e-310
0.735486	0.958545	0	6.95327e-310
0.736062	0.957993	0	6.95327e-310
0.736639	0.957441	0	6.95327e-310
0.737215	0.956889	0	6.95327e-310
0.737792	0.956337	0	6.95327e-310
0.738369	0.955786	0	6.95327e-310
0.738945	0.955235	0	6.95327e-310
0.739522	0.954684	0	6.95327e-310
0.740099	0.954134	0	6.95327e-310
0.740675	0.953584	0	6.95327e-310
0.741252	0.953034	0	6.95327e-310
0.741829	0.952485	0	6.95327e-310
0.742405	0.951935	0	6.95327e-310
0.742982	0.951387	0	6.95327e-310
0.743559	0.950838	0	6.95327e-310
0.744135	0.95029	0	6.95327e-310
0.744712	0.949742	0	6.95327e-310
0.745289	0.949195	0	6.95327e-310
0.745865	0.948648	0	6.95327e-310
0.746442	0.948101	0	6.95327e-310
0.747019	0.947554	0	6.95327e-310
0.747595	0.947008	0	6.95327e-310
0.748172	0.946462	0	6.95327e-310
0.748748	0.945916	0	6.95327e-310
0.749325	0.945371	0	6.95327e-310
0.749902	0.944826	0	6.95327e-310
0.750478	0.944281	0	6.95327e-310
0.751055	0.943737	0	6.95327e-310
0.751632	0.943193	0	6.95327e-310
0.752208	0.942649	0	6.95327e-310
0.752785	0.942106	0	6.95327e-310
0.753362	0.941563	0	6.95327e-310
0.753938	0.94102	0	6.95327e-310
0.754515	0.940477	0	6.95327e-310
0.755092	0.939935	0	6.95327e-310
0.755668	0.939393	0	6.95327e-310
0.756245	0.938852	0	6.95327e-310
0.756822	0.938311	0	6.95327e-310
0.757398	0.93777	0	6.95327e-310
0.757975	0.937229	0	6.95327e-310
0.758552	0.936689	0	6.95327e-310
0.759128	0.936149	0	6.95327e-310
0.759705	0.935609	0	6.95327e-310
0.760282	0.93507	0	6.95327e-310
0.760858	0.934531	0	6.95327e-310
0.761435	0.933992	0	6.95327e-310
0.762011	0.933453	0	6.95327e-310
0.762588	0.932915	0	6.95327e-310
0.763165	0.932378	0	6.95327e-310
0.763741	0.93184	0	6.95327e-310
0.764318	0.931303	0	6.95327e-310
0.764895	0.930766	0	6.95327e-310
0.765471	0.930229	0	6.95327e-310
0.766048	0.929693	0	6.95327e-310
0.766625	0.929157	0	6.95327e-310
0.767201	0.928622	0	6.95327e-310
0.767778	0.928086	0	6.95327e-310
0.768355	0.927551	0	6.95327e-310
0.768931	0.927016	0	6.95327e-310
0.769508	0.926482	0	6.95327e-310
0.770085	0.925948	0	6.95327e-310
0.770661	0.925414	0	6.95327e-310
0.771238	0.924881	0	6.95327e-310
0.771815	0.924347	0	6.95327e-310
0.772391	0.923815	0	6.95327e-310
0.772968	0.923282	0	6.95327e-310
0.773544	0.92275	0	6.95327e-310
0.774121	0.922218	0	6.95327e-310
0.774698	0.921686	0	6.95327e-310
0.775274	0.921155	0	6.95327e-310
0.775851	0.920624	0	6.95327e-310
0.776428	0.920093	0	6.95327e-310
0.777004	0.919563	0	6.95327e-310
0.777581	0.919033	0	6.95327e-310
0.778158	0.918503	0	6.95327e-310
0.778734	0.917973	0	6.95327e-310
0.779311	0.917444	0	6.95327e-310
0.779888	0.916915	0	6.95327e-310
0.780464	0.916387	0	6.95327e-310
0.781041	0.915858	0	6.95327e-310
0.781618	0.91533	0	6.95327e-310
0.782194	0.914803	0	6.95327e-310
0.782771	0.914275	0	6.95327e-310
0.783348	0.913748	0	6.95327e-310
0.783924	0.913221	0	6.95327e-310
0.784501	0.912695	0	6.95327e-310
0.785077	0.912169	0	6.95327e-310
0.785654	0.911643	0	6.95327e-310
0.786231	0.911117	0	6.95327e-310
0.786807	0.910592	0	6.95327e-310
0.787384	0.910067	0	6.95327e-310
0.787961	0.909543	0	6.95327e-310
0.788537	0.909018	0	6.95327e-310
0.789114	0.908494	0	6.95327e-310
0.789691	0.907971	0	6.95327e-310
0.790267	0.907447	0	6.95327e-310
0.790844	0.906924	0	6.95327e-310
0.791421	0.906401	0	6.95327e-310
0.791997	0.905879	0	6.95327e-310
0.792574	0.905356	0	6.95327e-310
0.793151	0.904834	0	6.95327e-310
0.793727	0.904313	0	6.95327e-310
0.794304	0.903792	0	6.95327e-310
0.794881	0.90327	0	6.95327e-310
0.795457	0.90275	0	6.95327e-310
0.796034	0.902229	0	6.95327e-310
0.79661	0.901709	0	6.95327e-310
0.797187	0.901189	0	6.95327e-310
0.797764	0.90067	0	6.95327e-310
0.79834	0.900151	0	6.95327e-310
0.798917	0.899632	0	6.95327e-310
0.799494	0.899113	0	6.95327e-310
0.80007	0.898595	0	6.95327e-310
0.800647	0.898077	0	6.95327e-310
0.801224	0.897559	0	6.95327e-310
0.8018	0.897042	0	6.95327e-310
0.802377	0.896524	0	6.95327e-310
0.802954	0.896008	0	6.95327e-310
0.80353	0.895491	0	6.95327e-310
0.804107	0.894975	0	6.95327e-310
0.804684	0.894459	0	6.95327e-310
0.80526	0.893943	0	6.95327e-310
0.805837	0.893428	0	6.95327e-310
0.806414	0.892913	0	6.95327e-310
0.80699	0.892398	0	6.95327e-310
0.807567	0.891884	0	6.95327e-310
0.808143	0.89137	0	6.95327e-310
0.80872	0.890856	0	6.95327e-310
0.809297	0.890342	0	6.95327e-310
0.809873	0.889829	0	6.95327e-310
0.81045	0.889316	0	6.95327e-310
0.811027	0.888803	0	6.95327e-310
0.811603	0.888291	0	6.95327e-310
0.81218	0.887779	0	6.95327e-310
0.812757	0.887267	0	6.95327e-310
0.813333	0.886755	0	6.95327e-310
0.81391	0.886244	0	6.95327e-310
0.814487	0.885733	0	6.95327e-310
0.815063	0.885223	0	6.95327e-310
0.81564	0.884712	0	6.95327e-310
0.816217	0.884202	0	6.95327e-310
0.816793	0.883693	0	6.95327e-310
0.81737	0.883183	0	6.95327e-310
0.817947	0.882674	0	6.95327e-310
0.818523	0.882165	0	6.95327e-310
0.8191	0.881657	0	6.95327e-310
0.819676	0.881148	0	6.95327e-310
0.820253	0.88064	0	6.95327e-310
0.82083	0.880133	0	6.95327e-310
0.821406	0.879625	0	6.95327e-310
0.821983	0.879118	0	6.95327e-310
0.82256	0.878612	0	6.95327e-310
0.823136	0.878105	0	6.95327e-310
0.823713	0.877599	0	6.95327e-310
0.82429	0.877093	0	6.95327e-310
0.824866	0.876587	0	6.95327e-310
0.825443	0.876082	0	6.95327e-310
0.82602	0.875577	0	6.95327e-310
0.826596	0.875072	0	6.95327e-310
0.827173	0.874568	0	6.95327e-310
0.82775	0.874063	0	6.95327e-310
0.828326	0.87356	0	6.95327e-310
0.828903	0.873056	0	6.95327e-310
0.82948	0.872553	0	6.95327e-310
0.830056	0.87205	0	6.95327e-310
0.830633	0.871547	0	6.95327e-310
0.83121	0.871045	0	6.95327e-310
0.831786	0.870542	0	6.95327e-310
0.832363	0.870041	0	6.95327e-310
0.832939	0.869539	0	6.95327e-310
0.833516	0.869038	0	6.95327e-310
0.834093	0.868537	0	6.95327e-310
0.834669	0.868036	0	6.95327e-310
0.835246	0.867536	0	6.95327e-310
0.835823	0.867035	0	6.95327e-310
0.836688	0.866286	0	6.95327e-310
0.837553	0.865537	0	6.95327e-310
0.838418	0.864788	0	6.95327e-310
0.839283	0.864041	0	6.95327e-310
0.840148	0.863294	0	6.95327e-310
0.841013	0.862547	0	6.95327e-310
0.841878	0.861802	0	6.95327e-310
0.842743	0.861056	0	6.95327e-310
0.843607	0.860312	0	6.95327e-310
0.844472	0.859568	0	6.95327e-310
0.845337	0.858825	0	6.95327e-310
0.846202	0.858082	0	6.95327e-310
0.847067	0.857341	0	6.95327e-310
0.847932	0.856599	0	6.95327e-310
0.848797	0.855859	0	6.95327e-310
0.849662	0.855119	0	6.95327e-310
0.850527	0.854379	0	6.95327e-310
0.851392	0.853641	0	6.95327e-310
0.852257	0.852903	0	6.95327e-310
0.853122	0.852165	0	6.95327e-310
0.853987	0.851428	0	6.95327e-310
0.854852	0.850692	0	6.95327e-310
0.855717	0.849957	0	6.95327e-310
0.856582	0.849222	0	6.95327e-310
0.857447	0.848488	0	6.95327e-310
0.858312	0.847754	0	6.95327e-310
0.859177	0.847021	0	6.95327e-310
0.860042	0.846289	0	6.95327e-310
0.860907	0.845557	0	6.95327e-310
0.861772	0.844826	0	6.95327e-310
0.862637	0.844096	0	6.95327e-310
0.863502	0.843366	0	6.95327e-310
0.864367	0.842637	0	6.95327e-310
0.865232	0.841908	0	6.95327e-310
0.866097	0.84118	0	6.95327e-310
0.866962	0.840453	0	6.95327e-310
0.867827	0.839726	0	6.95327e-310
0.868692	0.839	0	6.95327e-310
0.869557	0.838275	0	6.95327e-310
0.870422	0.83755	0	6.95327e-310
0.871287	0.836826	0	6.95327e-310
0.872152	0.836102	0	6.95327e-310
0.873017	0.835379	0	6.95327e-310
0.873882	0.834657	0	6.95327e-310
0.874747	0.833935	0	6.95327e-310
0.875612	0.833214	0	6.95327e-310
0.876477	0.832494	0	6.95327e-310
0.877342	0.831774	0	6.95327e-310
0.878207	0.831055	0	6.95327e-310
0.879071	0.830337	0	6.95327e-310
0.879936	0.829619	0	6.95327e-310
0.880801	0.828901	0	6.95327e-310
0.881666	0.828185	0	6.95327e-310
0.882531	0.827469	0	6.95327e-310
0.883396	0.826753	0	6.95327e-310
0.884261	0.826038	0	6.95327e-310
0.885126	0.825324	0	6.95327e-310
0.885991	0.824611	0	6.95327e-310
0.886856	0.823898	0	6.95327e-310
0.887721	0.823185	0	6.95327e-310
0.888586	0.822474	0	6.95327e-310
0.889451	0.821763	0	6.95327e-310
0.890316	0.821052	0	6.95327e-310
0.891181	0.820342	0	6.95327e-310
0.892046	0.819633	0	6.95327e-310
0.892911	0.818924	0	6.95327e-310
0.893776	0.818216	0	6.95327e-310
0.894641	0.817509	0	6.95327e-310
0.895506	0.816802	0	6.95327e-310
0.896371	0.816096	0	6.95327e-310
0.897236	0.81539	0	6.95327e-310
0.898101	0.814685	0	6.95327e-310
0.898966	0.813981	0	6.95327e-310
0.899831	0.813277	0	6.95327e-310
0.900696	0.812574	0	6.95327e-310
0.901561	0.811871	0	6.95327e-310
0.902426	0.811169	0	6.95327e-310
0.903291	0.810468	0	6.95327e-310
0.904156	0.809767	0	6.95327e-310
0.905021	0.809067	0	6.95327e-310
0.905886	0.808368	0	6.95327e-310
0.906751	0.807669	0	6.95327e-310
0.907616	0.80697	0	6.95327e-310
0.908481	0.806273	0	6.95327e-310
0.909346	0.805576	0	6.95327e-310
0.910211	0.804879	0	6.95327e-310
0.911076	0.804183	0	6.95327e-310
0.911941	0.803488	0	6.95327e-310
0.912806	0.802793	0	6.95327e-310
0.913671	0.802099	0	6.95327e-310
0.914535	0.801406	0	6.95327e-310
0.9154	0.800713	0	6.95327e-310
0.916265	0.80002	0	6.95327e-310
0.91713	0.799329	0	6.95327e-310
0.917995	0.798638	0	6.95327e-310
0.91886	0.797947	0	6.95327e-310
0.919725	0.797257	0	6.95327e-310
0.92059	0.796568	0	6.95327e-310
0.921455	0.795879	0	6.95327e-310
0.92232	0.795191	0	6.95327e-310
0.923185	0.794504	0	6.95327e-310
0.92405	0.793817	0	6.95327e-310
0.924915	0.79313	0	6.95327e-310
0.92578	0.792444	0	6.95327e-310
0.926645	0.791759	0	6.95327e-310
0.92751	0.791075	0	6.95327e-310
0.928375	0.790391	0	6.95327e-310
0.92924	0.789707	0	6.95327e-310
0.930105	0.789025	0	6.95327e-310
0.93097	0.788342	0	6.95327e-310
0.931835	0.787661	0	6.95327e-310
0.9327	0.78698	0	6.95327e-310
0.933565	0.786299	0	6.95327e-310
0.93443	0.78562	0	6.95327e-310
0.935295	0.78494	0	6.95327e-310
0.93616	0.784262	0	6.95327e-310
0.937025	0.783584	0	6.95327e-310
0.93789	0.782906	0	6.95327e-310
0.938755	0.782229	0	6.95327e-310
0.93962	0.781553	0	6.95327e-310
0.940485	0.780877	0	6.95327e-310
0.94135	0.780202	0	6.95327e-310
0.942215	0.779527	0	6.95327e-310
0.94308	0.778853	0	6.95327e-310
0.943945	0.77818	0	6.95327e-310
0.94481	0.777507	0	6.95327e-310
0.945675	0.776835	0	6.95327e-310
0.94654	0.776163	0	6.95327e-310
0.947405	0.775492	0	6.95327e-310
0.94827	0.774822	0	6.95327e-310
0.949135	0.774152	0	6.95327e-310
0.949999	0.773483	0	6.95327e-310
0.950864	0.772814	0	6.95327e-310
0.951729	0.772146	0	6.95327e-310
0.952594	0.771478	0	6.95327e-310
0.953459	0.770811	0	6.95327e-310
0.954324	0.770145	0	6.95327e-310
0.955189	0.769479	0	6.95327e-310
0.956054	0.768813	0	6.95327e-310
0.956919	0.768149	0	6.95327e-310
0.957784	0.767485	0	6.95327e-310
0.958649	0.766821	0	6.95327e-310
0.959514	0.766158	0	6.95327e-310
0.960379	0.765496	0	6.95327e-310
0.961244	0.764834	0	6.95327e-310
0.962109	0.764172	0	6.95327e-310
0.962974	0.763512	0	6.95327e-310
0.963839	0.762852	0	6.95327e-310
0.964704	0.762192	0	6.95327e-310
0.965569	0.761533	0	6.95327e-310
0.966434	0.760875	0	6.95327e-310
0.967299	0.760217	0	6.95327e-310
0.968164	0.75956	0	6.95327e-310
0.969029	0.758903	0	6.95327e-310
0.969894	0.758247	0	6.95327e-310
0.970759	0.757591	0	6.95327e-310
0.971624	0.756936	0	6.95327e-310
0.972489	0.756282	0	6.95327e-310
0.973354	0.755628	0	6.95327e-310
0.974219	0.754974	0	6.95327e-310
0.975084	0.754322	0	6.95327e-310
0.975949	0.753669	0	6.95327e-310
0.976814	0.753018	0	6.95327e-310
0.977679	0.752367	0	6.95327e-310
0.978544	0.751716	0	6.95327e-310
0.979409	0.751066	0	6.95327e-310
0.980274	0.750417	0	6.95327e-310
0.981139	0.749768	0	6.95327e-310
0.982004	0.74912	0	6.95327e-310
0.982869	0.748472	0	6.95327e-310
0.983734	0.747825	0	6.95327e-310
0.984599	0.747179	0	6.95327e-310
0.985463	0.746533	0	6.95327e-310
0.986328	0.745887	0	6.95327e-310
0.987193	0.745242	0	6.95327e-310
0.988058	0.744598	0	6.95327e-310
0.988923	0.743954	0	6.95327e-310
0.989788	0.743311	0	6.95327e-310
0.990653	0.742668	0	6.95327e-310
0.991518	0.742026	0	6.95327e-310
0.992383	0.741384	0	6.95327e-310
0.993248	0.740743	0	6.95327e-310
0.994113	0.740103	0	6.95327e-310
0.994978	0.739463	0	6.95327e-310
0.995843	0.738824	0	6.95327e-310
0.996708	0.738185	0	6.95327e-310
0.997573	0.737547	0	6.95327e-310
0.998438	0.736909	0	6.95327e-310
0.999303	0.736272	0	6.95327e-310
1.00017	0.735635	0	6.95327e-310
1.00103	0.734999	0	6.95327e-310
1.0019	0.734364	0	6.95327e-310
1.00276	0.733729	0	6.95327e-310
1.00363	0.733095	0	6.95327e-310
1.00449	0.732461	0	6.95327e-310
1.00536	0.731827	0	6.95327e-310
1.00622	0.731195	0	6.95327e-310
1.00709	0.730563	0	6.95327e-310
1.00795	0.729931	0	6.95327e-310
1.00882	0.7293	0	6.95327e-310
1.00968	0.728669	0	6.95327e-310
1.01055	0.728039	0	6.95327e-310
1.01141	0.72741	0	6.95327e-310
1.01228	0.726781	0	6.95327e-310
1.01314	0.726152	0	6.95327e-310
1.01401	0.725525	0	6.95327e-310
1.01487	0.724897	0	6.95327e-310
1.01574	0.724271	0	6.95327e-310
1.0166	0.723644	0	6.95327e-310
1.01747	0.723019	0	6.95327e-310
1.01833	0.722394	0	6.95327e-310
1.0192	0.721769	0	6.95327e-310
1.02006	0.721145	0	6.95327e-310
1.02093	0.720521	0	6.95327e-310
1.02179	0.719898	0	6.95327e-310
1.02266	0.719276	0	6.95327e-310
1.02352	0.718654	0	6.95327e-310
1.02439	0.718033	0	6.95327e-310
1.02525	0.717412	0	6.95327e-310
1.02612	0.716792	0	6.95327e-310
1.02698	0.716172	0	6.95327e-310
1.02785	0.715553	0	6.95327e-310
1.02871	0.714934	0	6.95327e-310
1.02958	0.714316	0	6.95327e-310
1.03044	0.713698	0	6.95327e-310
1.03131	0.713081	0	6.95327e-310
1.03217	0.712465	0	6.95327e-310
1.03304	0.711849	0	6.95327e-310
1.0339	0.711233	0	6.95327e-310
1.03477	0.710618	0	6.95327e-310
1.03563	0.710004	0	6.95327e-310
1.0365	0.70939	0	6.95327e-310
1.03736	0.708777	0	6.95327e-310
1.03823	0.708164	0	6.95327e-310
1.03909	0.707552	0	6.95327e-310
1.03996	0.70694	0	6.95327e-310
1.04082	0.706329	0	6.95327e-310
1.04169	0.705718	0	6.95327e-310
1.04255	0.705108	0	6.95327e-310
1.04342	0.704498	0	6.95327e-310
1.04428	0.703889	0	6.95327e-310
1.04515	0.703281	0	6.95327e-310
1.04601	0.702672	0	6.95327e-310
1.04688	0.702065	0	6.95327e-310
1.04774	0.701458	0	6.95327e-310
1.04861	0.700851	0	6.95327e-310
1.04947	0.700246	0	6.95327e-310
1.05034	0.69964	0	6.95327e-310
1.0512	0.699035	0	6.95327e-310
1.05207	0.698431	0	6.95327e-310
1.05293	0.697827	0	6.95327e-310
1.0538	0.697224	0	6.95327e-310
1.05466	0.696621	0	6.95327e-310
1.05553	0.696018	0	6.95327e-310
1.05639	0.695417	0	6.95327e-310
1.05726	0.694815	0	6.95327e-310
1.05812	0.694215	0	6.95327e-310
1.05899	0.693614	0	6.95327e-310
1.05985	0.693015	0	6.95327e-310
1.06072	0.692416	0	6.95327e-310
1.06158	0.691817	0	6.95327e-310
1.06245	0.691219	0	6.95327e-310
1.06331	0.690621	0	6.95327e-310
1.06418	0.690024	0	6.95327e-310
1.06504	0.689427	0	6.95327e-310
1.06591	0.688831	0	6.95327e-310
1.06677	0.688236	0	6.95327e-310
1.06764	0.687641	0	6.95327e-310
1.0685	0.687046	0	6.95327e-310
1.06937	0.686452	0	6.95327e-310
1.07023	0.685859	0	6.95327e-310
1.0711	0.685266	0	6.95327e-310
1.07196	0.684673	0	6.95327e-310
1.07283	0.684081	0	6.95327e-310
1.07369	0.68349	0	6.95327e-310
1.07456	0.682899	0	6.95327e-310
1.07542	0.682308	0	6.95327e-310
1.07629	0.681718	0	6.95327e-310
1.07715	0.681129	0	6.95327e-310
1.07802	0.68054	0	6.95327e-310
1.07888	0.679952	0	6.95327e-310
1.07975	0.679364	0	6.95327e-310
1.08061	0.678777	0	6.95327e-310
1.08148	0.67819	0	6.95327e-310
1.08234	0.677603	0	6.95327e-310
1.08321	0.677017	0	6.95327e-310
1.08407	0.676432	0	6.95327e-310
1.08494	0.675847	0	6.95327e-310
1.0858	0.675263	0	6.95327e-310
1.08667	0.674679	0	6.95327e-310
1.08753	0.674096	0	6.95327e-310
1.0884	0.673513	0	6.95327e-310
1.08926	0.672931	0	6.95327e-310
1.09013	0.672349	0	6.95327e-310
1.09099	0.671767	0	6.95327e-310
1.09186	0.671187	0	6.95327e-310
1.09272	0.670606	0	6.95327e-310
1.09359	0.670027	0	6.95327e-310
1.09445	0.669447	0	6.95327e-310
1.09532	0.668868	0	6.95327e-310
1.09618	0.66829	0	6.95327e-310
1.09705	0.667712	0	6.95327e-310
1.09791	0.667135	0	6.95327e-310
1.09878	0.666558	0	6.95327e-310
1.09964	0.665982	0	6.95327e-310
1.10051	0.665406	0	6.95327e-310
1.10137	0.664831	0	6.95327e-310
1.10224	0.664256	0	6.95327e-310
1.1031	0.663682	0	6.95327e-310
1.10397	0.663108	0	6.95327e-310
1.10483	0.662534	0	6.95327e-310
1.1057	0.661962	0	6.95327e-310
1.10656	0.661389	0	6.95327e-310
1.10743	0.660817	0	6.95327e-310
1.10829	0.660246	0	6.95327e-310
1.10915	0.659675	0	6.95327e-310
1.11002	0.659105	0	6.95327e-310
1.11088	0.658535	0	6.95327e-310
1.11175	0.657966	0	6.95327e-310
1.11261	0.657397	0	6.95327e-310
1.11348	0.656828	0	6.95327e-310
1.11434	0.656261	0	6.95327e-310
1.11521	0.655693	0	6.95327e-310
1.11607	0.655126	0	6.95327e-310
1.11694	0.65456	0	6.95327e-310
1.1178	0.653994	0	6.95327e-310
1.11867	0.653428	0	6.95327e-310
1.11953	0.652863	0	6.95327e-310
1.1204	0.652299	0	6.95327e-310
1.12126	0.651735	0	6.95327e-310
1.12213	0.651172	0	6.95327e-310
1.12299	0.650609	0	6.95327e-310
1.12386	0.650046	0	6.95327e-310
1.12472	0.649484	0	6.95327e-310
1.12559	0.648922	0	6.95327e-310
1.12645	0.648361	0	6.95327e-310
1.12732	0.647801	0	6.95327e-310
1.12818	0.647241	0	6.95327e-310
1.12905	0.646681	0	6.95327e-310
1.12991	0.646122	0	6.95327e-310
1.13078	0.645563	0	6.95327e-310
1.13164	0.645005	0	6.95327e-310
1.13251	0.644448	0	6.95327e-310
1.13337	0.64389	0	6.95327e-310
1.13424	0.643334	0	6.95327e-310
1.1351	0.642777	0	6.95327e-310
1.13597	0.642222	0	6.95327e-310
1.13683	0.641666	0	6.95327e-310
1.1377	0.641112	0	6.95327e-310
1.13856	0.640557	0	6.95327e-310
1.13943	0.640003	0	6.95327e-310
1.14029	0.63945	0	6.95327e-310
1.14116	0.638897	0	6.95327e-310
1.14202	0.638345	0	6.95327e-310
1.14289	0.637793	0	6.95327e-310
1.14375	0.637242	0	6.95327e-310
1.14462	0.636691	0	6.95327e-310
1.14548	0.63614	0	6.95327e-310
1.14635	0.63559	0	6.95327e-310
1.14721	0.635041	0	6.95327e-310
1.14808	0.634491	0	6.95327e-310
1.14894	0.633943	0	6.95327e-310
1.14981	0.633395	0	6.95327e-310
1.15067	0.632847	0	6.95327e-310
1.15154	0.6323	0	6.95327e-310
1.1524	0.631753	0	6.95327e-310
1.15327	0.631207	0	6.95327e-310
1.15413	0.630661	0	6.95327e-310
1.155	0.630116	0	6.95327e-310
1.15586	0.629571	0	6.95327e-310
1.15673	0.629027	0	6.95327e-310
1.15759	0.628483	0	6.95327e-310
1.15846	0.62794	0	6.95327e-310
1.15932	0.627397	0	6.95327e-310
1.16019	0.626854	0	6.95327e-310
1.16105	0.626312	0	6.95327e-310
1.16192	0.625771	0	6.95327e-310
1.16278	0.62523	0	6.95327e-310
1.16365	0.624689	0	6.95327e-310
1.16451	0.624149	0	6.95327e-310
1.16538	0.623609	0	6.95327e-310
1.16624	0.62307	0	6.95327e-310
1.16711	0.622532	0	6.95327e-310
1.16797	0.621993	0	6.95327e-310
1.16884	0.621456	0	6.95327e-310
1.1697	0.620918	0	6.95327e-310
1.17057	0.620381	0	6.95327e-310
1.17143	0.619845	0	6.95327e-310
1.1723	0.619309	0	6.95327e-310
1.17316	0.618774	0	6.95327e-310
1.17403	0.618239	0	6.95327e-310
1.17489	0.617704	0	6.95327e-310
1.17576	0.61717	0	6.95327e-310
1.17662	0.616636	0	6.95327e-310
1.17749	0.616103	0	6.95327e-310
1.17835	0.615571	0	6.95327e-310
1.17922	0.615038	0	6.95327e-310
1.18008	0.614507	0	6.95327e-310
1.18095	0.613975	0	6.95327e-310
1.18181	0.613445	0	6.95327e-310
1.18268	0.612914	0	6.95327e-310
1.18354	0.612384	0	6.95327e-310
1.18441	0.611855	0	6.95327e-310
1.18527	0.611326	0	6.95327e-310
1.18614	0.610797	0	6.95327e-310
1.187	0.610269	0	6.95327e-310
1.18787	0.609741	0	6.95327e-310
1.18873	0.609214	0	6.95327e-310
1.1896	0.608688	0	6.95327e-310
1.19046	0.608161	0	6.95327e-310
1.19133	0.607635	0	6.95327e-310
1.19219	0.60711	0	6.95327e-310
1.19306	0.606585	0	6.95327e-310
1.19392	0.606061	0	6.95327e-310
1.19479	0.605537	0	6.95327e-310
1.19565	0.605013	0	6.95327e-310
1.19652	0.60449	0	6.95327e-310
1.19738	0.603967	0	6.95327e-310
1.19825	0.603445	0	6.95327e-310
1.19911	0.602923	0	6.95327e-310
1.19998	0.602402	0	6.95327e-310
1.20084	0.601881	0	6.95327e-310
1.20171	0.601361	0	6.95327e-310
1.20257	0.600841	0	6.95327e-310
1.20344	0.600322	0	6.95327e-310
1.2043	0.599803	0	6.95327e-310
1.20517	0.599284	0	6.95327e-310
1.20603	0.598766	0	6.95327e-310
1.2069	0.598248	0	6.95327e-310
1.20776	0.597731	0	6.95327e-310
1.20863	0.597214	0	6.95327e-310
1.20949	0.596698	0	6.95327e-310
1.21036	0.596182	0	6.95327e-310
1.21122	0.595666	0	6.95327e-310
1.21209	0.595151	0	6.95327e-310
1.21295	0.594637	0	6.95327e-310
1.21382	0.594123	0	6.95327e-310
1.21468	0.593609	0	6.95327e-310
1.21555	0.593096	0	6.95327e-310
1.21641	0.592583	0	6.95327e-310
1.21728	0.592071	0	6.95327e-310
1.21814	0.591559	0	6.95327e-310
1.21901	0.591047	0	6.95327e-310
1.21987	0.590536	0	6.95327e-310
1.22074	0.590026	0	6.95327e-310
1.2216	0.589515	0	6.95327e-310
1.22247	0.589006	0	6.95327e-310
1.22333	0.588497	0	6.95327e-310
1.2242	0.587988	0	6.95327e-310
1.22506	0.587479	0	6.95327e-310
1.22593	0.586971	0	6.95327e-310
1.22679	0.586464	0	6.95327e-310
1.22766	0.585957	0	6.95327e-310
1.22852	0.58545	0	6.95327e-310
1.22939	0.584944	0	6.95327e-310
1.23025	0.584438	0	6.95327e-310
1.23112	0.583933	0	6.95327e-310
1.23198	0.583428	0	6.95327e-310
1.23285	0.582924	0	6.95327e-310
1.23371	0.58242	0	6.95327e-310
1.23458	0.581916	0	6.95327e-310
1.23544	0.581413	0	6.95327e-310
1.23631	0.58091	0	6.95327e-310
1.23717	0.580408	0	6.95327e-310
1.23804	0.579906	0	6.95327e-310
1.2389	0.579405	0	6.95327e-310
1.23977	0.578904	0	6.95327e-310
1.24063	0.578403	0	6.95327e-310
1.2415	0.577903	0	6.95327e-310
1.24279	0.577154	0	6.95327e-310
1.24409	0.576406	0	6.95327e-310
1.24539	0.575658	0	6.95327e-310
1.24669	0.574912	0	6.95327e-310
1.24798	0.574166	0	6.95327e-310
1.24928	0.573422	0	6.95327e-310
1.25058	0.572678	0	6.95327e-310
1.25188	0.571936	0	6.95327e-310
1.25317	0.571194	0	6.95327e-310
1.25447	0.570454	0	6.95327e-310
1.25577	0.569714	0	6.95327e-310
1.25707	0.568975	0	6.95327e-310
1.25836	0.568238	0	6.95327e-310
1.25966	0.567501	0	6.95327e-310
1.26096	0.566765	0	6.95327e-310
1.26226	0.56603	0	6.95327e-310
1.26355	0.565296	0	6.95327e-310
1.26485	0.564563	0	6.95327e-310
1.26615	0.563831	0	6.95327e-310
1.26745	0.5631	0	6.95327e-310
1.26874	0.56237	0	6.95327e-310
1.27004	0.561641	0	6.95327e-310
1.27134	0.560912	0	6.95327e-310
1.27264	0.560185	0	6.95327e-310
1.27393	0.559459	0	6.95327e-310
1.27523	0.558733	0	6.95327e-310
1.27653	0.558009	0	6.95327e-310
1.27783	0.557285	0	6.95327e-310
1.27912	0.556563	0	6.95327e-310
1.28042	0.555841	0	6.95327e-310
1.28172	0.555121	0	6.95327e-310
1.28302	0.554401	0	6.95327e-310
1.28431	0.553682	0	6.95327e-310
1.28561	0.552964	0	6.95327e-310
1.28691	0.552247	0	6.95327e-310
1.2882	0.551531	0	6.95327e-310
1.2895	0.550816	0	6.95327e-310
1.2908	0.550102	0	6.95327e-310
1.2921	0.549388	0	6.95327e-310
1.29339	0.548676	0	6.95327e-310
1.29469	0.547965	0	6.95327e-310
1.29599	0.547254	0	6.95327e-310
1.29729	0.546544	0	6.95327e-310
1.29858	0.545836	0	6.95327e-310
1.29988	0.545128	0	6.95327e-310
1.30118	0.544421	0	6.95327e-310
1.30248	0.543715	0	6.95327e-310
1.30377	0.54301	0	6.95327e-310
1.30507	0.542306	0	6.95327e-310
1.30637	0.541603	0	6.95327e-310
1.30767	0.540901	0	6.95327e-310
1.30896	0.5402	0	6.95327e-310
1.31026	0.539499	0	6.95327e-310
1.31156	0.5388	0	6.95327e-310
1.31286	0.538101	0	6.95327e-310
1.31415	0.537403	0	6.95327e-310
1.31545	0.536706	0	6.95327e-310
1.31675	0.53601	0	6.95327e-310
1.31805	0.535315	0	6.95327e-310
1.31934	0.534621	0	6.95327e-310
1.32064	0.533928	0	6.95327e-310
1.32194	0.533236	0	6.95327e-310
1.32324	0.532544	0	6.95327e-310
1.32453	0.531854	0	6.95327e-310
1.32583	0.531164	0	6.95327e-310
1.32713	0.530476	0	6.95327e-310
1.32843	0.529788	0	6.95327e-310
1.32972	0.529101	0	6.95327e-310
1.33102	0.528415	0	6.95327e-310
1.33232	0.52773	0	6.95327e-310
1.33362	0.527045	0	6.95327e-310
1.33491	0.526362	0	6.95327e-310
1.33621	0.52568	0	6.95327e-310
1.33751	0.524998	0	6.95327e-310
1.33881	0.524317	0	6.95327e-310
1.3401	0.523637	0	6.95327e-310
1.3414	0.522958	0	6.95327e-310
1.3427	0.52228	0	6.95327e-310
1.344	0.521603	0	6.95327e-310
1.34529	0.520927	0	6.95327e-310
1.34659	0.520251	0	6.95327e-310
1.34789	0.519577	0	6.95327e-310
1.34919	0.518903	0	6.95327e-310
1.35048	0.51823	0	6.95327e-310
1.35178	0.517558	0	6.95327e-310
1.35308	0.516887	0	6.95327e-310
1.35438	0.516217	0	6.95327e-310
1.35567	0.515548	0	6.95327e-310
1.35697	0.514879	0	6.95327e-310
1.35827	0.514212	0	6.95327e-310
1.35957	0.513545	0	6.95327e-310
1.36086	0.512879	0	6.95327e-310
1.36216	0.512214	0	6.95327e-310
1.36346	0.51155	0	6.95327e-310
1.36476	0.510887	0	6.95327e-310
1.36605	0.510224	0	6.95327e-310
1.36735	0.509563	0	6.95327e-310
1.36865	0.508902	0	6.95327e-310
1.36995	0.508242	0	6.95327e-310
1.37124	0.507583	0	6.95327e-310
1.37254	0.506925	0	6.95327e-310
1.37384	0.506268	0	6.95327e-310
1.37513	0.505611	0	6.95327e-310
1.37643	0.504956	0	6.95327e-310
1.37773	0.504301	0	6.95327e-310
1.37903	0.503647	0	6.95327e-310
1.38032	0.502994	0	6.95327e-310
1.38162	0.502342	0	6.95327e-310
1.38292	0.50169	0	6.95327e-310
1.38422	0.50104	0	6.95327e-310
1.38551	0.50039	0	6.95327e-310
1.38681	0.499741	0	6.95327e-310
1.38811	0.499093	0	6.95327e-310
1.38941	0.498446	0	6.95327e-310
1.3907	0.4978	0	6.95327e-310
1.392	0.497155	0	6.95327e-310
1.3933	0.49651	0	6.95327e-310
1.3946	0.495866	0	6.95327e-310
1.39589	0.495223	0	6.95327e-310
1.39719	0.494581	0	6.95327e-310
1.39849	0.49394	0	6.95327e-310
1.39979	0.493299	0	6.95327e-310
1.40108	0.49266	0	6.95327e-310
1.40238	0.492021	0	6.95327e-310
1.40368	0.491383	0	6.95327e-310
1.40498	0.490746	0	6.95327e-310
1.40627	0.49011	0	6.95327e-310
1.40757	0.489474	0	6.95327e-310
1.40887	0.488839	0	6.95327e-310
1.41017	0.488206	0	6.95327e-310
1.41146	0.487573	0	6.95327e-310
1.41276	0.48694	0	6.95327e-310
1.41406	0.486309	0	6.95327e-310
1.41536	0.485678	0	6.95327e-310
1.41665	0.485049	0	6.95327e-310
1.41795	0.48442	0	6.95327e-310
1.41925	0.483792	0	6.95327e-310
1.42055	0.483164	0	6.95327e-310
1.42184	0.482538	0	6.95327e-310
1.42314	0.481912	0	6.95327e-310
1.42444	0.481287	0	6.95327e-310
1.42574	0.480663	0	6.95327e-310
1.42703	0.48004	0	6.95327e-310
1.42833	0.479418	0	6.95327e-310
1.42963	0.478796	0	6.95327e-310
1.43093	0.478175	0	6.95327e-310
1.43222	0.477555	0	6.95327e-310
1.43352	0.476936	0	6.95327e-310
1.43482	0.476318	0	6.95327e-310
1.43612	0.4757	0	6.95327e-310
1.43741	0.475083	0	6.95327e-310
1.43871	0.474467	0	6.95327e-310
1.44001	0.473852	0	6.95327e-310
1.44131	0.473238	0	6.95327e-310
1.4426	0.472624	0	6.95327e-310
1.4439	0.472011	0	6.95327e-310
1.4452	0.471399	0	6.95327e-310
1.4465	0.470788	0	6.95327e-310
1.44779	0.470177	0	6.95327e-310
1.44909	0.469568	0	6.95327e-310
1.45039	0.468959	0	6.95327e-310
1.45169	0.468351	0	6.95327e-310
1.45298	0.467744	0	6.95327e-310
1.45428	0.467137	0	6.95327e-310
1.45558	0.466531	0	6.95327e-310
1.45688	0.465926	0	6.95327e-310
1.45817	0.465322	0	6.95327e-310
1.45947	0.464719	0	6.95327e-310
1.46077	0.464116	0	6.95327e-310
1.46207	0.463515	0	6.95327e-310
1.46336	0.462914	0	6.95327e-310
1.46466	0.462313	0	6.95327e-310
1.46596	0.461714	0	6.95327e-310
1.46725	0.461115	0	6.95327e-310
1.46855	0.460517	0	6.95327e-310
1.46985	0.45992	0	6.95327e-310
1.47115	0.459324	0	6.95327e-310
1.47244	0.458728	0	6.95327e-310
1.47374	0.458134	0	6.95327e-310
1.47504	0.45754	0	6.95327e-310
1.47634	0.456946	0	6.95327e-310
1.47763	0.456354	0	6.95327e-310
1.47893	0.455762	0	6.95327e-310
1.48023	0.455171	0	6.95327e-310
1.48153	0.454581	0	6.95327e-310
1.48282	0.453992	0	6.95327e-310
1.48412	0.453403	0	6.95327e-310
1.48542	0.452815	0	6.95327e-310
1.48672	0.452228	0	6.95327e-310
1.48801	0.451642	0	6.95327e-310
1.48931	0.451056	0	6.95327e-310
1.49061	0.450471	0	6.95327e-310
1.49191	0.449887	0	6.95327e-310
1.4932	0.449304	0	6.95327e-310
1.4945	0.448721	0	6.95327e-310
1.4958	0.448139	0	6.95327e-310
1.4971	0.447558	0	6.95327e-310
1.49839	0.446978	0	6.95327e-310
1.49969	0.446398	0	6.95327e-310
1.50099	0.445819	0	6.95327e-310
1.50229	0.445241	0	6.95327e-310
1.50358	0.444664	0	6.95327e-310
1.50488	0.444088	0	6.95327e-310
1.50618	0.443512	0	6.95327e-310
1.50748	0.442937	0	6.95327e-310
1.50877	0.442362	0	6.95327e-310
1.51007	0.441789	0	6.95327e-310
1.51137	0.441216	0	6.95327e-310
1.51267	0.440644	0	6.95327e-310
1.51396	0.440073	0	6.95327e-310
1.51526	0.439502	0	6.95327e-310
1.51656	0.438932	0	6.95327e-310
1.51786	0.438363	0	6.95327e-310
1.51915	0.437795	0	6.95327e-310
1.52045	0.437227	0	6.95327e-310
1.52175	0.43666	0	6.95327e-310
1.52305	0.436094	0	6.95327e-310
1.52434	0.435528	0	6.95327e-310
1.52564	0.434964	0	6.95327e-310
1.52694	0.4344	0	6.95327e-310
1.52824	0.433836	0	6.95327e-310
1.52953	0.433274	0	6.95327e-310
1.53083	0.432712	0	6.95327e-310
1.53213	0.432151	0	6.95327e-310
1.53343	0.431591	0	6.95327e-310
1.53472	0.431031	0	6.95327e-310
1.53602	0.430472	0	6.95327e-310
1.53732	0.429914	0	6.95327e-310
1.53862	0.429357	0	6.95327e-310
1.53991	0.4288	0	6.95327e-310
1.54121	0.428244	0	6.95327e-310
1.54251	0.427689	0	6.95327e-310
1.54381	0.427134	0	6.95327e-310
1.5451	0.42658	0	6.95327e-310
1.5464	0.426027	0	6.95327e-310
1.5477	0.425475	0	6.95327e-310
1.549	0.424923	0	6.95327e-310
1.55029	0.424372	0	6.95327e-310
1.55159	0.423822	0	6.95327e-310
1.55289	0.423272	0	6.95327e-310
1.55418	0.422723	0	6.95327e-310
1.55548	0.422175	0	6.95327e-310
1.55678	0.421628	0	6.95327e-310
1.55808	0.421081	0	6.95327e-310
1.55937	0.420535	0	6.95327e-310
1.56067	0.41999	0	6.95327e-310
1.56197	0.419445	0	6.95327e-310
1.56327	0.418902	0	6.95327e-310
1.56456	0.418358	0	6.95327e-310
1.56586	0.417816	0	6.95327e-310
1.56716	0.417274	0	6.95327e-310
1.56846	0.416733	0	6.95327e-310
1.56975	0.416193	0	6.95327e-310
1.57105	0.415653	0	6.95327e-310
1.57235	0.415114	0	6.95327e-310
1.57365	0.414576	0	6.95327e-310
1.57494	0.414038	0	6.95327e-310
1.57624	0.413502	0	6.95327e-310
1.57754	0.412965	0	6.95327e-310
1.57884	0.41243	0	6.95327e-310
1.58013	0.411895	0	6.95327e-310
1.58143	0.411361	0	6.95327e-310
1.58273	0.410828	0	6.95327e-310
1.58403	0.410295	0	6.95327e-310
1.58532	0.409763	0	6.95327e-310
1.58662	0.409232	0	6.95327e-310
1.58792	0.408701	0	6.95327e-310
1.58922	0.408171	0	6.95327e-310
1.59051	0.407642	0	6.95327e-310
1.59181	0.407113	0	6.95327e-310
1.59311	0.406586	0	6.95327e-310
1.59441	0.406058	0	6.95327e-310
1.5957	0.405532	0	6.95327e-310
1.597	0.405006	0	6.95327e-310
1.5983	0.404481	0	6.95327e-310
1.5996	0.403956	0	6.95327e-310
1.60089	0.403433	0	6.95327e-310
1.60219	0.40291	0	6.95327e-310
1.60349	0.402387	0	6.95327e-310
1.60479	0.401865	0	6.95327e-310
1.60608	0.401344	0	6.95327e-310
1.60738	0.400824	0	6.95327e-310
1.60868	0.400304	0	6.95327e-310
1.60998	0.399785	0	6.95327e-310
1.61127	0.399267	0	6.95327e-310
1.61257	0.398749	0	6.95327e-310
1.61387	0.398232	0	6.95327e-310
1.61517	0.397716	0	6.95327e-310
1.61646	0.3972	0	6.95327e-310
1.61776	0.396685	0	6.95327e-310
1.61906	0.396171	0	6.95327e-310
1.62036	0.395657	0	6.95327e-310
1.62165	0.395144	0	6.95327e-310
1.62295	0.394632	0	6.95327e-310
1.62425	0.39412	0	6.95327e-310
1.62555	0.393609	0	6.95327e-310
1.62684	0.393099	0	6.95327e-310
1.62814	0.392589	0	6.95327e-310
1.62944	0.39208	0	6.95327e-310
1.63074	0.391571	0	6.95327e-310
1.63203	0.391064	0	6.95327e-310
1.63333	0.390557	0	6.95327e-310
1.63463	0.39005	0	6.95327e-310
1.63593	0.389545	0	6.95327e-310
1.63722	0.389039	0	6.95327e-310
1.63852	0.388535	0	6.95327e-310
1.63982	0.388031	0	6.95327e-310
1.64111	0.387528	0	6.95327e-310
1.64241	0.387026	0	6.95327e-310
1.64371	0.386524	0	6.95327e-310
1.64501	0.386023	0	6.95327e-310
1.6463	0.385522	0	6.95327e-310
1.6476	0.385022	0	6.95327e-310
1.64955	0.384274	0	6.95327e-310
1.65149	0.383526	0	6.95327e-310
1.65344	0.382781	0	6.95327e-310
1.65539	0.382037	0	6.95327e-310
1.65733	0.381294	0	6.95327e-310
1.65928	0.380552	0	6.95327e-310
1.66123	0.379812	0	6.95327e-310
1.66317	0.379074	0	6.95327e-310
1.66512	0.378337	0	6.95327e-310
1.66706	0.377601	0	6.95327e-310
1.66901	0.376867	0	6.95327e-310
1.67096	0.376134	0	6.95327e-310
1.6729	0.375403	0	6.95327e-310
1.67485	0.374673	0	6.95327e-310
1.6768	0.373945	0	6.95327e-310
1.67874	0.373218	0	6.95327e-310
1.68069	0.372492	0	6.95327e-310
1.68263	0.371768	0	6.95327e-310
1.68458	0.371045	0	6.95327e-310
1.68653	0.370324	0	6.95327e-310
1.68847	0.369604	0	6.95327e-310
1.69042	0.368885	0	6.95327e-310
1.69236	0.368168	0	6.95327e-310
1.69431	0.367452	0	6.95327e-310
1.69626	0.366737	0	6.95327e-310
1.6982	0.366024	0	6.95327e-310
1.70015	0.365313	0	6.95327e-310
1.7021	0.364602	0	6.95327e-310
1.70404	0.363894	0	6.95327e-310
1.70599	0.363186	0	6.95327e-310
1.70793	0.36248	0	6.95327e-310
1.70988	0.361775	0	6.95327e-310
1.71183	0.361072	0	6.95327e-310
1.71377	0.36037	0	6.95327e-310
1.71572	0.359669	0	6.95327e-310
1.71767	0.35897	0	6.95327e-310
1.71961	0.358272	0	6.95327e-310
1.72156	0.357575	0	6.95327e-310
1.7235	0.35688	0	6.95327e-310
1.72545	0.356186	0	6.95327e-310
1.7274	0.355494	0	6.95327e-310
1.72934	0.354802	0	6.95327e-310
1.73129	0.354113	0	6.95327e-310
1.73323	0.353424	0	6.95327e-310
1.73518	0.352737	0	6.95327e-310
1.73713	0.352051	0	6.95327e-310
1.73907	0.351367	0	6.95327e-310
1.74102	0.350683	0	6.95327e-310
1.74297	0.350002	0	6.95327e-310
1.74491	0.349321	0	6.95327e-310
1.74686	0.348642	0	6.95327e-310
1.7488	0.347964	0	6.95327e-310
1.75075	0.347287	0	6.95327e-310
1.7527	0.346612	0	6.95327e-310
1.75464	0.345938	0	6.95327e-310
1.75659	0.345266	0	6.95327e-310
1.75854	0.344594	0	6.95327e-310
1.76048	0.343924	0	6.95327e-310
1.76243	0.343256	0	6.95327e-310
1.76437	0.342588	0	6.95327e-310
1.76632	0.341922	0	6.95327e-310
1.76827	0.341257	0	6.95327e-310
1.77021	0.340594	0	6.95327e-310
1.77216	0.339932	0	6.95327e-310
1.7741	0.339271	0	6.95327e-310
1.77605	0.338611	0	6.95327e-310
1.778	0.337953	0	6.95327e-310
1.77994	0.337296	0	6.95327e-310
1.78189	0.33664	0	6.95327e-310
1.78384	0.335985	0	6.95327e-310
1.78578	0.335332	0	6.95327e-310
1.78773	0.33468	0	6.95327e-310
1.78967	0.334029	0	6.95327e-310
1.79162	0.33338	0	6.95327e-310
1.79357	0.332732	0	6.95327e-310
1.79551	0.332085	0	6.95327e-310
1.79746	0.331439	0	6.95327e-310
1.79941	0.330795	0	6.95327e-310
1.80135	0.330152	0	6.95327e-310
1.8033	0.32951	0	6.95327e-310
1.80524	0.328869	0	6.95327e-310
1.80719	0.32823	0	6.95327e-310
1.80914	0.327591	0	6.95327e-310
1.81108	0.326954	0	6.95327e-310
1.81303	0.326319	0	6.95327e-310
1.81498	0.325684	0	6.95327e-310
1.81692	0.325051	0	6.95327e-310
1.81887	0.324419	0	6.95327e-310
1.82081	0.323788	0	6.95327e-310
1.82276	0.323159	0	6.95327e-310
1.82471	0.32253	0	6.95327e-310
1.82665	0.321903	0	6.95327e-310
1.8286	0.321278	0	6.95327e-310
1.83054	0.320653	0	6.95327e-310
1.83249	0.320029	0	6.95327e-310
1.83444	0.319407	0	6.95327e-310
1.83638	0.318786	0	6.95327e-310
1.83833	0.318166	0	6.95327e-310
1.84028	0.317548	0	6.95327e-310
1.84222	0.31693	0	6.95327e-310
1.84417	0.316314	0	6.95327e-310
1.84611	0.315699	0	6.95327e-310
1.84806	0.315085	0	6.95327e-310
1.85001	0.314473	0	6.95327e-310
1.85195	0.313861	0	6.95327e-310
1.8539	0.313251	0	6.95327e-310
1.85585	0.312642	0	6.95327e-310
1.85779	0.312034	0	6.95327e-310
1.85974	0.311427	0	6.95327e-310
1.86168	0.310822	0	6.95327e-310
1.86363	0.310218	0	6.95327e-310
1.86558	0.309614	0	6.95327e-310
1.86752	0.309012	0	6.95327e-310
1.86947	0.308412	0	6.95327e-310
1.87141	0.307812	0	6.95327e-310
1.87336	0.307213	0	6.95327e-310
1.87531	0.306616	0	6.95327e-310
1.87725	0.30602	0	6.95327e-310
1.8792	0.305425	0	6.95327e-310
1.88115	0.304831	0	6.95327e-310
1.88309	0.304239	0	6.95327e-310
1.88504	0.303647	0	6.95327e-310
1.88698	0.303057	0	6.95327e-310
1.88893	0.302467	0	6.95327e-310
1.89088	0.301879	0	6.95327e-310
1.89282	0.301292	0	6.95327e-310
1.89477	0.300707	0	6.95327e-310
1.89672	0.300122	0	6.95327e-310
1.89866	0.299538	0	6.95327e-310
1.90061	0.298956	0	6.95327e-310
1.90255	0.298375	0	6.95327e-310
1.9045	0.297795	0	6.95327e-310
1.90645	0.297216	0	6.95327e-310
1.90839	0.296638	0	6.95327e-310
1.91034	0.296061	0	6.95327e-310
1.91228	0.295485	0	6.95327e-310
1.91423	0.294911	0	6.95327e-310
1.91618	0.294337	0	6.95327e-310
1.91812	0.293765	0	6.95327e-310
1.92007	0.293194	0	6.95327e-310
1.92202	0.292624	0	6.95327e-310
1.92396	0.292055	0	6.95327e-310
1.92591	0.291487	0	6.95327e-310
1.92785	0.29092	0	6.95327e-310
1.9298	0.290355	0	6.95327e-310
1.93175	0.28979	0	6.95327e-310
1.93369	0.289227	0	6.95327e-310
1.93564	0.288664	0	6.95327e-310
1.93759	0.288103	0	6.95327e-310
1.93953	0.287543	0	6.95327e-310
1.94148	0.286984	0	6.95327e-310
1.94342	0.286426	0	6.95327e-310
1.94537	0.285869	0	6.95327e-310
1.94732	0.285313	0	6.95327e-310
1.94926	0.284759	0	6.95327e-310
1.95121	0.284205	0	6.95327e-310
1.95315	0.283652	0	6.95327e-310
1.9551	0.283101	0	6.95327e-310
1.95705	0.28255	0	6.95327e-310
1.95899	0.282001	0	6.95327e-310
1.96094	0.281453	0	6.95327e-310
1.96289	0.280905	0	6.95327e-310
1.96483	0.280359	0	6.95327e-310
1.96678	0.279814	0	6.95327e-310
1.96872	0.27927	0	6.95327e-310
1.97067	0.278727	0	6.95327e-310
1.97262	0.278185	0	6.95327e-310
1.97456	0.277644	0	6.95327e-310
1.97651	0.277105	0	6.95327e-310
1.97846	0.276566	0	6.95327e-310
1.9804	0.276028	0	6.95327e-310
1.98235	0.275491	0	6.95327e-310
1.98429	0.274956	0	6.95327e-310
1.98624	0.274421	0	6.95327e-310
1.98819	0.273888	0	6.95327e-310
1.99013	0.273355	0	6.95327e-310
1.99208	0.272824	0	6.95327e-310
1.99403	0.272293	0	6.95327e-310
1.99597	0.271764	0	6.95327e-310
1.99792	0.271235	0	6.95327e-310
1.99896	0.270953	0	6.95327e-310
2	0.270671	0	6.95327e-310
