0	1e-06	0	0	0	

1e-06	2e-06	1.33333e-12	2e-18	2.66667e-24	

2e-06	3.25e-06	5.60417e-12	1.37187e-17	3.24583e-23	

3.25e-06	4.8125e-06	1.46211e-11	5.42583e-17	1.99015e-22	

4.8125e-06	6.76563e-06	3.16397e-11	1.68433e-16	8.9403e-22	

6.76563e-06	9.20703e-06	6.18935e-11	4.55382e-16	3.35371e-21	

9.20703e-06	1.22588e-05	1.13743e-10	1.12734e-15	1.12048e-20	

1.22588e-05	1.60735e-05	2.00479e-10	2.62848e-15	3.45896e-20	

1.60735e-05	2.08419e-05	3.43157e-10	5.87336e-15	1.00943e-19	

2.08419e-05	2.68023e-05	5.75032e-10	1.27227e-14	2.82713e-19	

2.68023e-05	3.42529e-05	9.48512e-10	2.6928e-14	7.67856e-19	

3.42529e-05	4.35661e-05	1.54605e-09	5.60016e-14	2.03751e-18	

4.35661e-05	5.52077e-05	2.49715e-09	1.14906e-13	5.31076e-18	

5.52077e-05	6.97596e-05	4.00509e-09	2.33323e-13	1.36523e-17	

6.97596e-05	8.79495e-05	6.38852e-09	4.69937e-13	3.47192e-17	

8.79495e-05	0.000110687	1.01467e-08	9.40491e-13	8.75511e-17	

0.000110687	0.000139109	1.60616e-08	1.8728e-12	2.19312e-16	

0.000139109	0.000174636	2.53568e-08	3.71458e-12	5.46489e-16	

0.000174636	0.000219045	3.99473e-08	7.34455e-12	1.3561e-15	

0.000219045	0.000274556	6.28281e-08	1.44857e-11	3.35404e-15	

0.000274556	0.000343945	9.86834e-08	2.85139e-11	8.27377e-15	

0.000343945	0.000430681	1.54837e-07	5.60389e-11	2.03672e-14	

0.000430681	0.000539101	2.42741e-07	1.09996e-10	5.00539e-14	

0.000539101	0.000674626	3.80293e-07	2.15691e-10	1.22848e-13	

0.000674626	0.000844033	5.95473e-07	4.2261e-10	3.01187e-13	

0.000844033	0.00105579	9.32009e-07	8.27505e-10	7.37799e-13	

0.00105579	0.00132049	1.45824e-06	1.6195e-09	1.80612e-12	

0.00132049	0.00165136	2.28098e-06	3.16821e-09	4.41897e-12	

0.00165136	0.00206495	3.56713e-06	6.19594e-09	1.08071e-11	

0.00206495	0.00258194	5.57751e-06	1.2114e-08	2.64208e-11	

0.00258194	0.00322817	8.7197e-06	2.36797e-08	6.45749e-11	

0.00322817	0.00403597	1.36306e-05	4.62802e-08	1.57792e-10	

0.00403597	0.00504571	2.13053e-05	9.04389e-08	3.85506e-10	

0.00504571	0.00630789	3.32991e-05	1.76713e-07	9.41708e-10	

0.00630789	0.00788561	5.20416e-05	3.4526e-07	2.30013e-09	

0.00788561	0.00985776	8.13298e-05	6.7452e-07	5.61757e-09	

0.00985776	0.012323	0.000127096	1.31771e-06	1.37187e-08	

0.012323	0.0154044	0.000198611	2.57409e-06	3.35007e-08	

0.0154044	0.0192563	0.000310359	5.02822e-06	8.18039e-08	

0.0192563	0.0240711	0.000484972	9.82184e-06	1.99746e-07	

0.0240711	0.0300897	0.000757813	1.9185e-05	4.87718e-07	

0.0300897	0.0376128	0.00118414	3.74733e-05	1.19083e-06	

0.0376128	0.0470168	0.00185029	7.31943e-05	2.90752e-06	

0.0470168	0.0587717	0.00289116	0.000142964	7.09887e-06	

0.0587717	0.0734654	0.00451755	0.000279237	1.73321e-05	

0.0734654	0.0918325	0.00705882	0.000545401	4.23163e-05	

0.0918325	0.114791	0.0110296	0.00106526	0.000103314	

0.114791	0.14349	0.0172339	0.00208063	0.000252239	

0.14349	0.179363	0.0269283	0.00406378	0.000615829	

0.179363	0.224205	0.0420758	0.00793717	0.00150351	

0.224205	0.280257	0.0657438	0.0155024	0.00367073	

0.280257	0.350322	0.102725	0.0302784	0.00896184	

0.350322	0.394112	0.130978	0.0441036	0.0150379	

0.394112	0.437903	0.164216	0.0630813	0.0246966	

0.437903	0.492641	0.210758	0.0928258	0.0416292	

0.492641	0.526852	0.242983	0.115665	0.0560628	

0.526852	0.561064	0.278252	0.142961	0.0748582	

0.561064	0.603828	0.325385	0.181953	0.103554	

0.603828	0.630556	0.356758	0.209608	0.125249	

0.630556	0.657283	0.389988	0.240607	0.150964	

0.657283	0.690693	0.433387	0.282901	0.187616	

0.690693	0.732455	0.490262	0.341024	0.240439	

0.732455	0.758556	0.527635	0.381191	0.278843	

0.758556	0.784657	0.566779	0.425232	0.322899	

0.784657	0.817284	0.617484	0.484345	0.384172	

0.817284	0.837675	0.650289	0.523941	0.426672	

0.837675	0.858067	0.684174	0.566179	0.473478	

0.858067	0.883556	0.727615	0.62171	0.536584	

0.883556	0.915418	0.783444	0.695094	0.622338	

0.915418	0.935332	0.819401	0.7438	0.681003	

0.935332	0.955246	0.856388	0.795331	0.744824	

0.955246	0.980138	0.903655	0.862652	0.830063	

0.980138	1.01125	0.964197	0.951015	0.944715	

1.01125	1.0307	1.00305	1.00924	1.02231	

1.0307	1.05015	1.04289	1.07045	1.10591	

1.05015	1.07446	1.09366	1.15001	1.21672	

1.07446	1.08965	1.12602	1.2017	1.29012	

1.08965	1.10484	1.15898	1.25532	1.36767	

1.10484	1.12383	1.20077	1.32431	1.4689	

1.12383	1.14757	1.25387	1.41338	1.60172	

1.14757	1.16241	1.28764	1.47104	1.68925	

1.16241	1.17724	1.32199	1.53068	1.78129	

1.17724	1.19579	1.36549	1.60722	1.90101	

1.19579	1.21897	1.42068	1.70578	2.05745	

1.21897	1.23346	1.45574	1.7694	2.1601	

1.23346	1.24795	1.49135	1.83502	2.2676	

1.24795	1.26606	1.5364	1.91907	2.40698	

1.26606	1.2887	1.59348	2.02703	2.58849	

1.2887	1.30285	1.6297	2.09656	2.70714	

1.30285	1.317	1.66643	2.16809	2.83096	

1.317	1.33469	1.71288	2.25955	2.99107	

1.33469	1.3568	1.77166	2.3768	3.19892	

1.3568	1.37061	1.80892	2.45213	3.33435	

1.37061	1.38443	1.84667	2.52948	3.47524	

1.38443	1.4017	1.89435	2.62822	3.65698	

1.4017	1.42329	1.95466	2.75458	3.89229	

1.42329	1.43679	1.99284	2.83561	4.04516	

1.43679	1.45028	2.0315	2.91866	4.20377	

1.45028	1.46715	2.08029	3.02451	4.40792	

1.46715	1.48823	2.14195	3.15976	4.67161	

1.48823	1.50141	2.18096	3.24635	4.84248	

1.50141	1.51459	2.22041	3.33494	5.01933	

1.51459	1.53106	2.27018	3.44773	5.24653	

1.53106	1.55165	2.33303	3.59163	5.53937	

1.55165	1.56452	2.37276	3.68361	5.72869	

1.56452	1.57739	2.41292	3.77759	5.9242	

1.57739	1.59348	2.46354	3.8971	6.17496	

1.59348	1.61358	2.52744	4.04937	6.49754	

1.61358	1.62615	2.56779	4.14657	6.70564	

1.62615	1.63872	2.60856	4.24575	6.92015	

1.63872	1.65443	2.65993	4.37175	7.19483	

1.65443	1.67406	2.72473	4.5321	7.54759	

1.67406	1.68634	2.76563	4.63433	7.77473	

1.68634	1.69861	2.80692	4.73852	8.00844	

1.69861	1.71395	2.85892	4.87076	8.3073	

1.71395	1.73313	2.92449	5.03887	8.6905	

1.73313	1.74511	2.96585	5.14593	8.93683	

1.74511	1.7571	3.00758	5.25493	9.18987	

1.7571	1.77208	3.06013	5.39314	9.51303	

1.77208	1.78144	3.0932	5.48076	9.71938	

1.78144	1.79081	3.1265	5.5696	9.93001	

1.79081	1.80251	3.16836	5.68186	10.1977	

1.80251	1.81714	3.221	5.82392	10.5385	

1.81714	1.82628	3.25413	5.91393	10.7558	

1.82628	1.83543	3.28747	6.00512	10.9775	

1.83543	1.84686	3.32936	6.1203	11.259	

1.84686	1.86114	3.38204	6.26597	11.617	

1.86114	1.87007	3.41518	6.3582	11.8452	

1.87007	1.879	3.44853	6.45159	12.0777	

1.879	1.89017	3.49041	6.56949	12.3727	

1.89017	1.90412	3.54307	6.71852	12.7476	

1.90412	1.92156	3.60934	6.90741	13.2262	

1.92156	1.93246	3.65108	7.02729	13.5323	

1.93246	1.94336	3.69313	7.14896	13.8451	

1.94336	1.95699	3.74601	7.30283	14.2432	

1.95699	1.9655	3.77925	7.40013	14.4964	

1.9655	1.97402	3.81267	7.49854	14.7539	

1.97402	1.98466	3.85465	7.62267	15.0802	

1.98466	1.99233	3.88503	7.71293	15.3186	

1.99233	2	3.91555	7.80402	15.5603	

2	2	3.91555	7.80403	15.5603	

